NUM_BV: 23 NUM_TRI: 12
0 1 0 1 0 0 0 0 -1 0 0 25 100 100 25 191.4214 1 2 -2
0.9972972 0 -0.07347292 0 1 0 0.07347292 -0 0.9972972 2.101772 0 28.52876 96.05608 100 28.60608 195.8728 3 4 -4
0.9972972 0 0.07347292 0 1 0 -0.07347292 0 0.9972972 2.101772 0 21.47124 96.05608 100 28.60608 195.8728 13 14 -14
0.7084318 -0.6705452 -0.2202123 0.6545109 0.74092 -0.1505094 0.2640831 -0.03750563 0.9637704 -46.5614 38.55398 37.31287 112.2683 81.61748 25.96954 190.7396 5 6 -6
0.7084318 0.6705453 -0.2202123 0.654511 -0.74092 -0.1505095 -0.2640831 -0.0375056 -0.9637705 13.60745 23.74503 49.69419 112.2683 81.60966 25.96954 190.735 9 10 -10
0 0.957092 0.2897842 0 -0.2897842 0.957092 1 0 -0 0 0 0 110.1984 47.8546 0 120.1405 -1 0 0
0.8978082 -0.43164 -0.08733563 0.3943663 0.8762811 -0.2767792 0.1959995 0.2140524 0.9569566 -24.41792 4.364085 29.02502 92.59215 84.64432 23.92392 173.2989 7 8 -8
0.7071068 -0.7071068 0 0.7071068 0.7071068 0 -0 0 0.9999999 -50 50 0 141.4214 70.71068 0 158.1139 -12 -11 11
0.957092 0 -0.2897842 0.2897842 0 0.957092 0 -1 0 -13.86751 0 4.198743 110.1984 47.8546 0 120.1405 -4 -3 3
0.8978082 0.43164 -0.08733559 -0.3943663 0.8762811 0.2767792 0.1959995 -0.2140524 0.9569566 41.28796 -35.60239 29.06159 92.59214 84.64432 23.92392 173.2989 11 12 -12
0 0.957092 -0.2897842 0 0.2897842 0.957092 1 -0 0 100 -13.86751 4.198743 110.1984 47.8546 0 120.1405 -6 -5 5
0.957092 0 -0.2897841 0.2897841 0 0.957092 0 -1 0 -5.47002 0 31.93375 110.1984 47.8546 0 120.1405 -3 -2 2
0.7071068 0.7071068 0 0.7071068 -0.7071068 0 0 0 -0.9999999 0 0 49.99999 141.4214 70.71068 0 158.1139 -9 -8 8
0.7084318 0.6705452 0.2202122 -0.6545109 0.7409201 -0.1505095 -0.2640831 -0.03750557 0.9637705 6.858114 0.9740012 24.97133 112.2683 81.61749 25.96954 190.7396 15 16 -16
0.7084318 -0.6705452 0.2202123 0.6545109 0.74092 0.1505094 -0.264083 0.03750565 0.9637704 13.60745 76.25497 0.3058246 112.2683 81.61749 25.96954 190.7396 19 20 -20
0 0.957092 0.2897842 0 -0.2897842 0.957092 1 0 -0 0 8.397486 -27.73501 110.1984 47.8546 0 120.1405 -2 -1 1
0.8978082 0.4316399 0.08733563 -0.3943662 0.8762811 -0.2767794 -0.1959996 0.2140526 0.9569566 8.962935 21.46371 44.4028 92.59215 84.64433 23.92391 173.2989 17 18 -18
0.7071068 0.7071068 0 0.7071068 -0.7071068 0 0 0 -0.9999999 -50 50 49.99999 141.4214 70.71068 0 158.1139 -10 -9 9
0.957092 0 0.2897842 -0.2897842 0 0.957092 0 -1 0 0 100 0 110.1984 47.8546 0 120.1405 -7 -6 6
0.8978083 -0.4316399 0.08733565 0.3943661 0.8762812 0.2767792 -0.1959995 -0.2140525 0.9569566 7.907085 61.43016 -2.489377 92.59213 84.64432 23.92392 173.2989 21 22 -22
0 0.957092 -0.2897841 0 0.2897841 0.957092 1 -0 0 100 -5.47002 31.93375 110.1984 47.8546 0 120.1405 -5 -4 4
0.957092 0 0.2897842 -0.2897842 0 0.957092 0 -1 0 8.397486 100 -27.73501 110.1984 47.8546 0 120.1405 -8 -7 7
0.7071068 -0.7071068 0 0.7071068 0.7071068 0 -0 0 0.9999999 0 100 0 141.4214 70.71068 0 158.1139 -11 -10 10
0 0 50 0 100 50 0 0 0
0 0 0 0 100 50 0 100 0
100 0 50 0 0 50 100 0 0
100 0 0 0 0 50 0 0 0
100 100 50 100 0 50 100 100 0
100 100 0 100 0 50 100 0 0
0 100 50 100 100 50 0 100 0
0 100 0 100 100 50 100 100 0
100 0 50 100 100 50 0 0 50
0 0 50 100 100 50 0 100 50
100 100 0 100 0 0 0 100 0
0 100 0 100 0 0 0 0 0
