NUM_BV: 14891 NUM_TRI: 7446
0.9967895 0.0790624 0.01264509 -0.01263239 -0.0006607947 0.99992 0.07906443 -0.9968694 0.0003400737 -15.08049 -2.044577 -18.42025 35.82056 36.53111 4.516732 60.19629 1 2 -2
0.002293153 -0.0001146693 0.9999974 0.9984094 0.05633252 -0.002283052 -0.05633211 0.998412 0.0002436659 -16.8371 -2.861908 -19.63133 39.27689 10.93476 2.863739 46.49809 3 4 -4
0.9878393 0.14325 -0.06044041 0.0595042 0.01081456 0.9981695 0.1436414 -0.9896275 0.002159072 -5.487818 -2.470005 -18.14992 24.79303 37.52685 4.09178 53.16087 9313 9314 -9314
-0.2389378 0.083952 0.967399 0.9665583 0.1161149 0.2286536 -0.09313349 0.9896815 -0.1088887 -12.18315 -4.556728 -20.44454 19.33627 10.64797 3.365505 28.80521 5 6 -6
0.2749825 -0.07844355 0.9582438 0.9565501 0.1228078 -0.2644432 -0.09693597 0.9893255 0.1088052 -16.68413 -2.95197 1.726315 19.42707 10.47134 3.374439 28.81831 4637 4638 -4638
-0.4101982 0.04957775 0.9106478 0.8994856 -0.1428318 0.4129463 0.1505424 0.9885044 0.01399488 -6.801716 -2.927747 -20.0026 13.12384 4.342117 2.689328 19.20215 7 8 -8
0.968376 0.09911268 -0.2289644 0.1860662 0.3244916 0.9274074 0.1662149 -0.9406816 0.2957884 -18.3338 -6.049474 -4.431528 11.51501 7.333693 2.497401 18.64685 3255 3256 -3256
-0.2721062 -0.004778846 0.9622554 0.9621111 -0.01936385 0.2719692 0.01733327 0.999801 0.009866804 -8.104501 -3.860674 -22.14088 14.79747 6.017451 1.169711 18.31361 9 10 -10
-0.6779742 0.66647 -0.3101108 0.5723436 0.7433302 0.3462413 0.4612742 0.05725272 -0.8854086 -8.244764 -6.863137 -6.462868 5.555187 3.208746 1.770436 9.956179 1107 1108 -1108
-0.1896836 -0.083006 0.9783303 0.9613777 0.1866902 0.2022364 -0.1994316 0.9789059 0.04438805 -8.335876 -3.395191 -21.8129 14.08506 5.676656 1.148647 17.48326 11 12 -12
0.9494898 -0.09389054 0.2994223 -0.2916166 0.08836158 0.9524453 -0.115883 -0.9916536 0.05651838 -11.20992 -3.695242 -10.37337 5.855211 1.961607 1.201951 8.578964 243 244 -244
-0.004080654 -0.06764925 0.9977008 0.9988812 0.0467309 0.007254078 -0.04711419 0.9966142 0.06738287 -6.925529 -3.324698 -21.8682 11.64599 2.281632 0.3425949 12.55258 13 14 -14
0.9383428 0.1870141 0.290755 -0.2855074 -0.05501919 0.9567959 0.1949314 -0.9808153 0.001767028 -10.41396 -4.356428 -10.98271 5.500298 3.094754 1.116395 8.543952 81 82 -82
0.6282849 -0.002511328 0.7779793 0.7779778 0.005823417 -0.6282648 -0.002952719 0.9999799 0.005612521 -7.307326 -3.251741 -21.33779 3.779358 2.203835 0.196559 4.768096 15 16 -16
-0.007947143 -0.06912715 0.9975762 0.9983563 0.05607592 0.01183914 -0.05675841 0.9960306 0.06856788 -6.875679 -3.324691 -21.8453 11.6152 2.274389 0.3486652 12.53311 47 48 -48
0.9974985 -0.07062055 -0.003101153 0.07028157 0.9955009 -0.06354877 0.00757505 0.06317185 0.997974 -6.648485 -3.355978 -22.11588 0.785768 0.2904034 0.0310812 0.8998769 17 18 -18
0.1538646 -0.01712054 0.9879436 0.9730648 -0.1710872 -0.1545122 0.1716698 0.9851072 -0.009664863 -5.821131 -3.155109 -22.1533 3.806854 0.6856557 0.2320248 4.332158 39 40 -40
0.9600508 0.2630657 -0.09538735 -0.2722326 0.9569298 -0.10087 0.06474358 0.1228078 0.9903163 -6.626 -3.341478 -22.11035 0.3442574 0.1171136 0.02854347 0.4207196 19 20 -20
0.9919029 -0.1267331 0.008199829 0.1269682 0.9910014 -0.04237125 -0.002756202 0.04306929 0.9990683 -6.485496 -3.333134 -22.12429 0.6255975 0.2931528 0.03077126 0.7524194 29 30 -30
0.981098 -0.1352949 -0.1383548 0.02351934 0.7930373 -0.6087189 0.1920771 0.5939589 0.7812294 -6.658471 -3.30381 -22.08717 0.1562867 0.09544754 0.01080608 0.2047399 21 22 -22
0.9802013 0.1705045 -0.1006659 -0.02543009 0.6125998 0.789984 0.1963637 -0.7717834 0.6048071 -6.57018 -3.240364 -22.14988 0.287478 0.06064987 0.0004944801 0.294795 27 28 -28
0.8790873 0.2875493 -0.3801591 -0.1040337 0.8940631 0.4356927 0.4651694 -0.3434626 0.8158743 -6.665776 -3.292612 -22.11114 0.1368395 0.01980877 0.003022194 0.1443102 23 24 -24
0.6499296 -0.6164297 0.4445288 0.7402412 0.3809669 -0.553992 0.1721464 0.6891144 0.7039084 -6.582359 -3.266629 -22.14793 0.1058416 0.06041479 0.001792908 0.1254562 25 26 -26
0.8790873 0.2875493 -0.3801591 -0.1040337 0.8940631 0.4356927 0.4651694 -0.3434626 0.8158743 -6.665776 -3.292612 -22.11114 0.1368395 0.01980877 0.003022194 0.1443102 -2522 -2521 2521
0.8790873 0.2875493 -0.3801591 -0.1040337 0.8940631 0.4356927 0.4651694 -0.3434626 0.8158743 -6.665776 -3.292612 -22.11114 0.1368395 0.01980877 0.003022194 0.1443102 -2523 -2522 2522
0.6499296 -0.6164297 0.4445288 0.7402412 0.3809669 -0.553992 0.1721464 0.6891144 0.7039084 -6.582359 -3.266629 -22.14793 0.1058416 0.06041479 0.001792908 0.1254562 -2480 -2479 2479
0.6499296 -0.6164297 0.4445288 0.7402412 0.3809669 -0.553992 0.1721464 0.6891144 0.7039084 -6.582359 -3.266629 -22.14793 0.1058416 0.06041479 0.001792908 0.1254562 -2481 -2480 2480
0.9802013 0.1705045 -0.1006659 -0.02543009 0.6125998 0.789984 0.1963637 -0.7717834 0.6048071 -6.57018 -3.240364 -22.14988 0.287478 0.06064987 0.0004944801 0.294795 -2520 -2519 2519
0.9802013 0.1705045 -0.1006659 -0.02543009 0.6125998 0.789984 0.1963637 -0.7717834 0.6048071 -6.57018 -3.240364 -22.14988 0.287478 0.06064987 0.0004944801 0.294795 -2521 -2520 2520
0.9472409 0.3200476 -0.01744208 -0.320392 0.947005 -0.02303014 0.009146998 0.0274034 0.9995826 -6.444091 -3.433817 -22.12025 0.640028 0.2474781 0.02801323 0.7422343 31 32 -32
0.9755822 -0.2082557 0.06977808 -0.1948551 -0.6740777 0.7124961 -0.1013456 -0.7086951 -0.6981978 -6.225657 -3.307261 -22.17853 0.383637 0.07265663 0.001894951 0.3942464 37 38 -38
0.9506797 -0.2935731 0.1001138 0.2786806 0.6667283 -0.6912383 0.1361803 0.6850461 0.7156582 -6.504749 -3.304688 -22.12828 0.2719903 0.07289124 0.001057625 0.2837033 33 34 -34
0.991154 0.1194686 -0.05780097 -0.03594928 0.6609164 0.7495978 0.127755 -0.740889 0.6593648 -6.301592 -3.170678 -22.152 0.4455047 0.06793594 0.001398563 0.4534519 35 36 -36
0.9506797 -0.2935731 0.1001138 0.2786806 0.6667283 -0.6912383 0.1361803 0.6850461 0.7156582 -6.504749 -3.304688 -22.12828 0.2719903 0.07289124 0.001057625 0.2837033 -2490 -2489 2489
0.9506797 -0.2935731 0.1001138 0.2786806 0.6667283 -0.6912383 0.1361803 0.6850461 0.7156582 -6.504749 -3.304688 -22.12828 0.2719903 0.07289124 0.001057625 0.2837033 -2491 -2490 2490
0.991154 0.1194686 -0.05780097 -0.03594928 0.6609164 0.7495978 0.127755 -0.740889 0.6593648 -6.301592 -3.170678 -22.152 0.4455047 0.06793594 0.001398563 0.4534519 -2000 -1999 1999
0.991154 0.1194686 -0.05780097 -0.03594928 0.6609164 0.7495978 0.127755 -0.740889 0.6593648 -6.301592 -3.170678 -22.152 0.4455047 0.06793594 0.001398563 0.4534519 -2001 -2000 2000
0.9755822 -0.2082557 0.06977808 -0.1948551 -0.6740777 0.7124961 -0.1013456 -0.7086951 -0.6981978 -6.225657 -3.307261 -22.17853 0.383637 0.07265663 0.001894951 0.3942464 -1722 -1721 1721
0.9755822 -0.2082557 0.06977808 -0.1948551 -0.6740777 0.7124961 -0.1013456 -0.7086951 -0.6981978 -6.225657 -3.307261 -22.17853 0.383637 0.07265663 0.001894951 0.3942464 -1723 -1722 1722
0.9807312 -0.1953593 0.001074546 0.1953612 0.980729 -0.00213485 -0.000636776 0.002303639 0.9999972 -5.929879 -3.3699 -22.12604 0.8335805 0.42787 0.02523518 0.9874491 41 42 -42
0.1368873 -0.05630102 0.9889854 0.9905866 0.007823154 -0.1366636 -4.26881e-05 0.9983832 0.05684192 -5.865735 -3.046626 -22.1015 3.993692 0.7692411 8.821487e-06 4.067119 -1995 -1994 1994
0.9990121 -0.03111091 -0.03173502 0.04441333 0.6737413 0.7376314 -0.001567191 -0.7383122 0.6744575 -5.868771 -3.093085 -22.1515 0.7746725 0.06830406 0.0005836487 0.7788452 43 44 -44
0.9988077 -0.03525904 0.03376288 0.04881411 0.7292981 -0.6824526 -0.0005605761 0.6832871 0.7301497 -5.862731 -3.410036 -22.12649 0.7745862 0.07317734 0.0001869202 0.778409 45 46 -46
0.9990121 -0.03111091 -0.03173502 0.04441333 0.6737413 0.7376314 -0.001567191 -0.7383122 0.6744575 -5.868771 -3.093085 -22.1515 0.7746725 0.06830406 0.0005836487 0.7788452 -1996 -1995 1995
0.9990121 -0.03111091 -0.03173502 0.04441333 0.6737413 0.7376314 -0.001567191 -0.7383122 0.6744575 -5.868771 -3.093085 -22.1515 0.7746725 0.06830406 0.0005836487 0.7788452 -1997 -1996 1996
0.9988077 -0.03525904 0.03376288 0.04881411 0.7292981 -0.6824526 -0.0005605761 0.6832871 0.7301497 -5.862731 -3.410036 -22.12649 0.7745862 0.07317734 0.0001869202 0.778409 -1744 -1743 1743
0.9988077 -0.03525904 0.03376288 0.04881411 0.7292981 -0.6824526 -0.0005605761 0.6832871 0.7301497 -5.862731 -3.410036 -22.12649 0.7745862 0.07317734 0.0001869202 0.778409 -1745 -1744 1744
-0.01643908 -0.07263136 0.9972234 0.9994523 0.02745437 0.01847542 -0.02872004 0.996981 0.07214025 -6.840838 -3.278928 -21.93694 11.69211 2.348598 0.284615 12.49489 49 50 -50
-0.2771452 -0.0546348 0.9592735 0.960826 -0.01369146 0.276814 -0.001989825 0.9984125 0.05628906 -4.869618 -3.496395 -14.20239 4.10305 0.06789398 6.79493e-05 4.103747 -1927 -1926 1926
0.219628 -0.05544116 0.9740071 0.9755796 0.009583517 -0.2194371 0.00283143 0.9984159 0.05619207 -5.896118 -3.046946 -22.09457 4.049084 0.06325293 9.36985e-05 4.049765 -1964 -1963 1963
-0.0157293 -0.07206946 0.9972756 0.9998748 0.0005743832 0.0158118 -0.001712366 0.9973995 0.0720514 -6.850628 -3.223504 -21.94522 11.7053 2.356637 0.2823746 12.50492 51 52 -52
-0.03100406 -0.0647727 0.9974183 0.9951458 0.09124759 0.03685907 -0.09339948 0.9937194 0.06162923 -6.751131 -3.167512 -22.10544 11.86354 2.084385 0.05164468 12.14854 53 54 -54
-0.00858126 -0.07540151 0.9971164 0.9948335 -0.101516 0.0008850175 0.1011565 0.9919724 0.07588309 -7.131892 -3.233887 -22.10944 11.89259 2.488555 0.08800936 12.32619 63 64 -64
0.1252603 -0.05638949 0.9905201 0.9921239 0.007218311 -0.1250522 -9.8255e-05 0.9983827 0.05684953 -5.868487 -3.046661 -22.10115 7.974352 0.3592429 6.67572e-06 7.982453 55 56 -56
-0.05639002 -0.06597641 0.9962265 0.9722274 0.2233794 0.06982518 -0.2271433 0.9724962 0.05154771 -6.55869 -3.193531 -22.15046 11.9234 0.7099409 0.01202071 11.96856 57 58 -58
0.1252603 -0.05638949 0.9905201 0.9921239 0.007218311 -0.1250522 -9.8255e-05 0.9983827 0.05684953 -5.868487 -3.046661 -22.10115 7.974352 0.3592429 6.67572e-06 7.982453 -1959 -1958 1958
0.1252603 -0.05638949 0.9905201 0.9921239 0.007218311 -0.1250522 -9.8255e-05 0.9983827 0.05684953 -5.868487 -3.046661 -22.10115 7.974352 0.3592429 6.67572e-06 7.982453 -1960 -1959 1959
-0.05239081 -0.06399924 0.9965737 0.9831493 0.1717108 0.06271221 -0.175136 0.9830663 0.05392474 -6.302799 -3.122971 -22.12938 11.89832 0.4445553 8.34465e-07 11.90663 59 60 -60
-0.06021276 -0.06790873 0.9958729 0.9581884 0.275658 0.07673144 -0.279731 0.9588541 0.04847123 -6.570555 -3.20137 -22.1233 11.90346 0.2779398 2.300739e-05 11.90675 61 62 -62
-0.05239081 -0.06399924 0.9965737 0.9831493 0.1717108 0.06271221 -0.175136 0.9830663 0.05392474 -6.302799 -3.122971 -22.12938 11.89832 0.4445553 8.34465e-07 11.90663 -1936 -1935 1935
-0.05239081 -0.06399924 0.9965737 0.9831493 0.1717108 0.06271221 -0.175136 0.9830663 0.05392474 -6.302799 -3.122971 -22.12938 11.89832 0.4445553 8.34465e-07 11.90663 -1937 -1936 1936
-0.06021276 -0.06790873 0.9958729 0.9581884 0.275658 0.07673144 -0.279731 0.9588541 0.04847123 -6.570555 -3.20137 -22.1233 11.90346 0.2779398 2.300739e-05 11.90675 -2515 -2514 2514
-0.06021276 -0.06790873 0.9958729 0.9581884 0.275658 0.07673144 -0.279731 0.9588541 0.04847123 -6.570555 -3.20137 -22.1233 11.90346 0.2779398 2.300739e-05 11.90675 -2516 -2515 2515
-0.01017552 -0.07402106 0.9972048 0.9952532 -0.09727518 0.002935014 0.09678601 0.9925011 0.07465952 -7.128022 -3.230865 -22.11003 11.84541 2.508686 0.08223915 12.27262 65 66 -66
-0.006244712 -0.07745856 0.996976 0.9896305 -0.1435513 -0.004954301 0.1435009 0.986607 0.0775518 -6.535022 -3.336787 -22.10249 11.88148 0.6709189 0.006692171 11.91379 75 76 -76
0.004787924 -0.07432409 0.9972227 0.9942021 -0.1067711 -0.01273119 0.1074208 0.9915019 0.07338195 -7.302444 -3.202969 -22.09877 11.85828 2.523005 0.07836819 12.28044 67 68 -68
-0.0392004 -0.07345729 0.9965277 0.9469272 -0.3211611 0.01357545 0.3190487 0.9441714 0.08214835 -6.668378 -3.280743 -22.10435 11.88647 0.1631489 3.433228e-05 11.88765 73 74 -74
-0.05844317 -0.0718514 0.9957016 0.7760679 0.6241093 0.09058838 -0.6279355 0.7780263 0.01928664 -6.667839 -3.280093 -22.11348 11.90062 0.1237545 3.707409e-05 11.90134 69 70 -70
0.06739003 -0.07641187 0.9947964 0.9977267 0.005242448 -0.06718586 -8.137198e-05 0.9970626 0.07659145 -5.865736 -3.437474 -22.10132 11.93404 0.7748435 1.66893e-06 11.95917 71 72 -72
-0.05844317 -0.0718514 0.9957016 0.7760679 0.6241093 0.09058838 -0.6279355 0.7780263 0.01928664 -6.667839 -3.280093 -22.11348 11.90062 0.1237545 3.707409e-05 11.90134 -2512 -2511 2511
-0.05844317 -0.0718514 0.9957016 0.7760679 0.6241093 0.09058838 -0.6279355 0.7780263 0.01928664 -6.667839 -3.280093 -22.11348 11.90062 0.1237545 3.707409e-05 11.90134 -2513 -2512 2512
0.06739003 -0.07641187 0.9947964 0.9977267 0.005242448 -0.06718586 -8.137198e-05 0.9970626 0.07659145 -5.865736 -3.437474 -22.10132 11.93404 0.7748435 1.66893e-06 11.95917 -1749 -1748 1748
0.06739003 -0.07641187 0.9947964 0.9977267 0.005242448 -0.06718586 -8.137198e-05 0.9970626 0.07659145 -5.865736 -3.437474 -22.10132 11.93404 0.7748435 1.66893e-06 11.95917 -1748 -1747 1747
-0.0392004 -0.07345729 0.9965277 0.9469272 -0.3211611 0.01357545 0.3190487 0.9441714 0.08214835 -6.668378 -3.280743 -22.10435 11.88647 0.1631489 3.433228e-05 11.88765 -2482 -2481 2481
-0.0392004 -0.07345729 0.9965277 0.9469272 -0.3211611 0.01357545 0.3190487 0.9441714 0.08214835 -6.668378 -3.280743 -22.10435 11.88647 0.1631489 3.433228e-05 11.88765 -2483 -2482 2482
-0.01936756 -0.07612952 0.9969098 0.981437 -0.1917341 0.004425083 0.1908047 0.9784898 0.07842974 -6.513856 -3.333033 -22.10299 11.88163 0.2726173 1.072884e-05 11.88478 77 78 -78
0.006864371 -0.07877126 0.9968691 0.9907718 -0.1344135 -0.01744356 0.1353667 0.9877895 0.07712168 -6.246296 -3.38529 -22.10179 11.88565 0.3840551 3.099442e-06 11.89186 79 80 -80
-0.01936756 -0.07612952 0.9969098 0.981437 -0.1917341 0.004425083 0.1908047 0.9784898 0.07842974 -6.513856 -3.333033 -22.10299 11.88163 0.2726173 1.072884e-05 11.88478 -2472 -2471 2471
-0.01936756 -0.07612952 0.9969098 0.981437 -0.1917341 0.004425083 0.1908047 0.9784898 0.07842974 -6.513856 -3.333033 -22.10299 11.88163 0.2726173 1.072884e-05 11.88478 -2473 -2472 2472
0.006864371 -0.07877126 0.9968691 0.9907718 -0.1344135 -0.01744356 0.1353667 0.9877895 0.07712168 -6.246295 -3.38529 -22.10179 11.88565 0.3840542 3.099442e-06 11.89186 -1720 -1719 1719
0.006864371 -0.07877126 0.9968691 0.9907718 -0.1344135 -0.01744356 0.1353667 0.9877895 0.07712168 -6.246295 -3.38529 -22.10179 11.88565 0.3840542 3.099442e-06 11.89186 -1719 -1718 1718
0.06409618 0.615042 0.7858849 0.2657795 0.7485409 -0.607493 -0.9619007 0.2478101 -0.1154869 -11.42946 -5.278342 -10.69073 1.203259 0.3860899 0.03168917 1.327062 83 84 -84
0.9977747 -0.047867 0.0464153 -0.05327066 -0.1536481 0.9866887 -0.04009821 -0.9869656 -0.1558561 -8.558542 -3.459186 -10.27287 3.136681 3.183388 0.7704284 6.009942 157 158 -158
0.03077825 0.5174179 0.8551792 0.2219308 0.8306901 -0.5105885 -0.9745765 0.2055056 -0.08926377 -11.37673 -5.183276 -10.80107 0.3009338 0.2834553 0.02219009 0.4577905 85 86 -86
0.1246832 0.7233285 0.6791539 -0.2621872 -0.6361452 0.7256564 0.9569285 -0.2685426 0.1103309 -11.31927 -4.85544 -10.73371 0.9474058 0.4357264 0.03001404 1.10283 135 136 -136
0.2046804 0.8708946 -0.4468206 0.06736839 0.4428686 0.894052 0.9765078 -0.2130965 0.03197578 -11.36066 -5.130606 -10.84919 0.1671007 0.1388855 0.02105236 0.2593875 87 88 -88
0.2285188 0.8441569 -0.4849518 0.0427171 0.4889585 0.8712605 0.9726019 -0.2198152 0.07567628 -11.37568 -5.114973 -10.69041 0.2847279 0.1719828 0.0217967 0.3762315 121 122 -122
-0.05101196 -0.1858911 0.9812453 -0.1087693 0.977714 0.1795676 -0.9927573 -0.09756926 -0.07009435 -11.34184 -5.073596 -10.88936 0.1672077 0.08117676 0.01675749 0.2193861 89 90 -90
0.1363009 0.9363202 0.3236146 0.06084829 -0.333959 0.9406216 0.988797 -0.1085161 -0.1024924 -11.3437 -5.062461 -10.90441 0.1652565 0.08012772 0.01658106 0.2168198 107 108 -108
0.0495266 -0.3709445 0.9273334 -0.9439485 0.2860007 0.1648176 -0.3263562 -0.8835179 -0.3359879 -11.33639 -5.059368 -10.90457 0.0912075 0.02324915 0.01019287 0.1145098 91 92 -92
-0.04396037 -0.4371191 0.8983287 -0.009890416 0.8993443 0.4371293 -0.9989843 0.01033152 -0.04385879 -11.34614 -5.047475 -10.89189 0.1647029 0.06098747 0.01745749 0.2105467 101 102 -102
-0.5553569 0.7279724 -0.4020385 0.8258249 0.4258266 -0.3697093 -0.09793946 -0.537334 -0.8376635 -11.34621 -5.084821 -10.87221 0.0434413 0.02474689 0.001476288 0.05294812 93 94 -94
0.04545714 -0.3169351 0.9473573 -0.9641869 0.2341364 0.1245942 -0.2612991 -0.9190932 -0.2949415 -11.33595 -5.059162 -10.90339 0.08582115 0.02320862 0.01101351 0.110931 95 96 -96
-0.5553569 0.7279724 -0.4020385 0.8258249 0.4258266 -0.3697093 -0.09793946 -0.537334 -0.8376635 -11.34621 -5.084821 -10.87221 0.0434413 0.02474689 0.001476288 0.05294812 -6998 -6997 6997
-0.5553569 0.7279724 -0.4020385 0.8258249 0.4258266 -0.3697093 -0.09793946 -0.537334 -0.8376635 -11.34621 -5.084821 -10.87221 0.0434413 0.02474689 0.001476288 0.05294812 -6999 -6998 6998
-0.07681499 -0.3726237 0.9247979 0.007340945 0.9273019 0.3742423 -0.9970183 0.03553631 -0.06849527 -11.35509 -5.063056 -10.90445 0.09299564 0.01999283 0.0008769035 0.09687427 97 98 -98
0.1422181 -0.1894717 0.971532 0.9892987 -0.005108501 -0.1458151 0.03259092 0.9818729 0.1867176 -11.35618 -5.072559 -10.88053 0.07302284 0.03017235 0.000159502 0.0793298 99 100 -100
-0.07681499 -0.3726237 0.9247979 0.007340945 0.9273019 0.3742423 -0.9970183 0.03553631 -0.06849527 -11.35509 -5.063056 -10.90445 0.09299564 0.01999283 0.0008769035 0.09687427 -7093 -7092 7092
-0.07681499 -0.3726237 0.9247979 0.007340945 0.9273019 0.3742423 -0.9970183 0.03553631 -0.06849527 -11.35509 -5.063056 -10.90445 0.09299564 0.01999283 0.0008769035 0.09687427 -7094 -7093 7093
0.1422181 -0.1894717 0.971532 0.9892987 -0.005108501 -0.1458151 0.03259092 0.9818729 0.1867176 -11.35618 -5.072559 -10.88053 0.07302284 0.03017235 0.000159502 0.0793298 -7083 -7082 7082
0.1422181 -0.1894717 0.971532 0.9892987 -0.005108501 -0.1458151 0.03259092 0.9818729 0.1867176 -11.35618 -5.072559 -10.88053 0.07302284 0.03017235 0.000159502 0.0793298 -7084 -7083 7083
-0.1317017 -0.5368416 0.8333401 -0.006502151 0.8411126 0.540821 -0.991268 0.06580853 -0.1142666 -11.34795 -5.025126 -10.90399 0.1796069 0.06496143 0.0006399155 0.1922736 103 104 -104
0.07436761 0.1498568 0.9859068 0.9940051 -0.0905948 -0.06120816 0.08014557 0.9845483 -0.1556958 -11.36301 -5.084009 -10.81287 0.0979538 0.03036213 0.0002088547 0.1029692 105 106 -106
-0.1317017 -0.5368416 0.8333401 -0.006502151 0.8411126 0.540821 -0.991268 0.06580853 -0.1142666 -11.34795 -5.025126 -10.90399 0.1796069 0.06496143 0.0006399155 0.1922736 -7198 -7197 7197
-0.1317017 -0.5368416 0.8333401 -0.006502151 0.8411126 0.540821 -0.991268 0.06580853 -0.1142666 -11.34795 -5.025126 -10.90399 0.1796069 0.06496143 0.0006399155 0.1922736 -7199 -7198 7198
0.07436761 0.1498568 0.9859068 0.9940051 -0.0905948 -0.06120816 0.08014557 0.9845483 -0.1556958 -11.36301 -5.084009 -10.81287 0.0979538 0.03036213 0.0002088547 0.1029692 -7205 -7204 7204
0.07436761 0.1498568 0.9859068 0.9940051 -0.0905948 -0.06120816 0.08014557 0.9845483 -0.1556958 -11.36301 -5.084009 -10.81287 0.0979538 0.03036213 0.0002088547 0.1029692 -7206 -7205 7205
0.1731492 0.9603755 0.2183994 0.8733057 -0.2522339 0.4167917 0.4553643 0.1185623 -0.8823755 -11.3492 -5.064339 -10.90168 0.08318138 0.03187752 0.00937748 0.1078354 109 110 -110
0.141294 0.9865934 0.0816661 0.1466792 -0.1024467 0.9838648 0.9790409 -0.1270355 -0.1591879 -11.3461 -5.06823 -10.88377 0.1553226 0.06490612 0.01492643 0.1981915 115 116 -116
0.08708266 0.9874159 0.1320099 0.04612153 -0.1363674 0.9895841 0.9951329 -0.08008712 -0.05741636 -11.32662 -5.070621 -10.90036 0.09357882 0.02039719 0.000120163 0.09601631 111 112 -112
0.3606946 0.8688003 0.3392424 0.9308428 -0.3581692 -0.07243317 0.05857621 0.3419076 -0.9379062 -11.35497 -5.043523 -10.89783 0.07636929 0.02868319 0.0005533695 0.08268488 113 114 -114
0.08708266 0.9874159 0.1320099 0.04612153 -0.1363674 0.9895841 0.9951329 -0.08008712 -0.05741636 -11.32662 -5.070621 -10.90036 0.09357882 0.02039719 0.000120163 0.09601631 -7020 -7019 7019
0.08708266 0.9874159 0.1320099 0.04612153 -0.1363674 0.9895841 0.9951329 -0.08008712 -0.05741636 -11.32662 -5.070621 -10.90036 0.09357882 0.02039719 0.000120163 0.09601631 -7021 -7020 7020
0.3606946 0.8688003 0.3392424 0.9308428 -0.3581692 -0.07243317 0.05857621 0.3419076 -0.9379062 -11.35497 -5.043523 -10.89783 0.07636929 0.02868319 0.0005533695 0.08268488 -7006 -7005 7005
0.3606946 0.8688003 0.3392424 0.9308428 -0.3581692 -0.07243317 0.05857621 0.3419076 -0.9379062 -11.35497 -5.043523 -10.89783 0.07636929 0.02868319 0.0005533695 0.08268488 -7007 -7006 7006
0.13095 0.9902331 -0.04785872 -0.007402477 0.0492497 0.998759 0.9913613 -0.1304332 0.01377943 -11.33217 -5.089065 -10.86738 0.180058 0.06494331 0.0001592636 0.1917304 117 118 -118
0.2518264 0.7272096 0.6385528 0.9666035 -0.2214208 -0.129037 0.04755194 0.6497223 -0.7586829 -11.34807 -4.978161 -10.87362 0.1003847 0.02975368 0.0007221699 0.1061457 119 120 -120
0.13095 0.9902331 -0.04785872 -0.007402477 0.0492497 0.998759 0.9913613 -0.1304332 0.01377943 -11.33217 -5.089065 -10.86738 0.180058 0.06494331 0.0001592636 0.1917304 -7095 -7094 7094
0.13095 0.9902331 -0.04785872 -0.007402477 0.0492497 0.998759 0.9913613 -0.1304332 0.01377943 -11.33217 -5.089065 -10.86738 0.180058 0.06494331 0.0001592636 0.1917304 -7096 -7095 7095
0.2518264 0.7272096 0.6385528 0.9666035 -0.2214208 -0.129037 0.04755194 0.6497223 -0.7586829 -11.34807 -4.978161 -10.87362 0.1003847 0.02975368 0.0007221699 0.1061457 -7054 -7053 7053
0.2518264 0.7272096 0.6385528 0.9666035 -0.2214208 -0.129037 0.04755194 0.6497223 -0.7586829 -11.34807 -4.978161 -10.87362 0.1003847 0.02975368 0.0007221699 0.1061457 -7055 -7054 7054
-0.1104204 -0.2667061 0.9574315 0.04887859 0.9606994 0.2732536 -0.9926823 0.07697066 -0.09304455 -11.34488 -5.036053 -10.83785 0.2854557 0.1216574 0.01758671 0.3454724 123 124 -124
0.1694561 0.9512751 0.2576055 0.01094999 -0.2631869 0.9646828 0.985477 -0.1606506 -0.05501508 -11.34555 -5.024201 -10.84602 0.2731838 0.1265583 0.01513004 0.3313355 129 130 -130
-0.1668487 -0.4151407 0.8943264 0.05582318 0.9016086 0.4289357 -0.984401 0.1214915 -0.1272577 -11.34534 -5.001656 -10.85974 0.3015337 0.1116257 0.0001773834 0.3218868 125 126 -126
-0.01625078 0.205217 0.9785815 0.9949758 -0.09337813 0.03610523 0.09878753 0.9742517 -0.2026685 -11.37145 -5.067443 -10.719 0.1827087 0.03048229 0.0005089045 0.1862518 127 128 -128
-0.1668487 -0.4151407 0.8943264 0.05582318 0.9016086 0.4289357 -0.984401 0.1214915 -0.1272577 -11.34534 -5.001656 -10.85974 0.3015337 0.1116257 0.0001773834 0.3218868 -7195 -7194 7194
-0.1668487 -0.4151407 0.8943264 0.05582318 0.9016086 0.4289357 -0.984401 0.1214915 -0.1272577 -11.34534 -5.001656 -10.85974 0.3015337 0.1116257 0.0001773834 0.3218868 -7196 -7195 7195
-0.01625078 0.205217 0.9785815 0.9949758 -0.09337813 0.03610523 0.09878753 0.9742517 -0.2026685 -11.37145 -5.067443 -10.719 0.1827087 0.03048229 0.0005089045 0.1862518 -7203 -7202 7202
-0.01625078 0.205217 0.9785815 0.9949758 -0.09337813 0.03610523 0.09878753 0.9742517 -0.2026685 -11.37145 -5.067443 -10.719 0.1827087 0.03048229 0.0005089045 0.1862518 -7204 -7203 7203
0.1659547 0.9821806 0.08820581 -0.05570367 -0.07996662 0.9952399 0.9845588 -0.1700781 0.04144023 -11.33508 -5.061743 -10.82498 0.3014278 0.1116295 0.0002002716 0.3218347 131 132 -132
0.1814965 0.7114579 0.6788864 0.9720747 -0.2342288 -0.01441223 0.1487611 0.6625441 -0.734102 -11.33942 -4.903704 -10.81344 0.1859951 0.03020477 0.0002552271 0.1889421 133 134 -134
0.1659547 0.9821806 0.08820581 -0.05570367 -0.07996662 0.9952399 0.9845588 -0.1700781 0.04144023 -11.33508 -5.061743 -10.82498 0.3014278 0.1116295 0.0002002716 0.3218347 -7192 -7191 7191
0.1659547 0.9821806 0.08820581 -0.05570367 -0.07996662 0.9952399 0.9845588 -0.1700781 0.04144023 -11.33508 -5.061743 -10.82498 0.3014278 0.1116295 0.0002002716 0.3218347 -7193 -7192 7192
0.1814965 0.7114579 0.6788864 0.9720747 -0.2342288 -0.01441223 0.1487611 0.6625441 -0.734102 -11.33942 -4.903704 -10.81344 0.1859951 0.03020477 0.0002552271 0.1889421 -6991 -6990 6990
0.1814965 0.7114579 0.6788864 0.9720747 -0.2342288 -0.01441223 0.1487611 0.6625441 -0.734102 -11.33942 -4.903704 -10.81344 0.1859951 0.03020477 0.0002552271 0.1889421 -6992 -6991 6991
0.01912223 0.496647 0.8677419 0.28295 0.8297321 -0.4811277 -0.958944 0.2547278 -0.12466 -11.40025 -5.069269 -10.5163 0.3911037 0.3861606 0.02637625 0.6023725 137 138 -138
0.1529538 0.7446753 0.6496644 -0.2483369 -0.607341 0.7546295 0.9565217 -0.276759 0.09203525 -11.2974 -4.635029 -10.4575 0.6060076 0.3706204 0.01515198 0.7406592 151 152 -152
-0.1126395 0.1091298 0.9876249 0.1601059 0.9829559 -0.09035363 -0.980652 0.1479472 -0.1281919 -11.36427 -5.040623 -10.6526 0.4913654 0.2642479 0.01768732 0.5932876 139 140 -140
0.1461933 0.7915925 0.5933034 -0.145662 -0.575985 0.804378 0.9784734 -0.2040164 0.03109979 -11.32265 -4.862158 -10.75665 0.4789314 0.2674513 0.01519251 0.5789336 145 146 -146
-0.1714279 -0.1046574 0.9796221 0.1531825 0.9794173 0.1314415 -0.9732151 0.1725937 -0.1518677 -11.35809 -5.00691 -10.72198 0.5264449 0.2422013 2.288818e-05 0.5795333 141 142 -142
-0.03631894 0.3878993 0.9209859 0.9848804 -0.1423148 0.09877848 0.169386 0.9106485 -0.3768657 -11.38958 -5.026515 -10.54233 0.3955183 0.03045654 0.0002621412 0.3972135 143 144 -144
-0.1714279 -0.1046574 0.9796221 0.1531825 0.9794173 0.1314415 -0.9732151 0.1725937 -0.1518677 -11.35809 -5.00691 -10.72198 0.5264449 0.2422013 2.288818e-05 0.5795333 -7090 -7089 7089
-0.1714279 -0.1046574 0.9796221 0.1531825 0.9794173 0.1314415 -0.9732151 0.1725937 -0.1518677 -11.35809 -5.00691 -10.72198 0.5264449 0.2422013 2.288818e-05 0.5795333 -7091 -7090 7090
-0.03631894 0.3878993 0.9209859 0.9848804 -0.1423148 0.09877848 0.169386 0.9106485 -0.3768657 -11.38958 -5.026515 -10.54233 0.3955183 0.03045654 0.0002621412 0.3972135 -7022 -7021 7021
-0.03631894 0.3878993 0.9209859 0.9848804 -0.1423148 0.09877848 0.169386 0.9106485 -0.3768657 -11.38958 -5.026515 -10.54233 0.3955183 0.03045654 0.0002621412 0.3972135 -7023 -7022 7022
0.1714649 0.900805 0.3989362 -0.1526621 -0.3757483 0.9140611 0.9732904 -0.2176318 0.07309113 -11.32262 -4.94011 -10.76057 0.5264444 0.2421551 3.71933e-05 0.5795421 147 148 -148
0.1097064 0.5844411 0.8039857 0.9700029 -0.2394849 0.04172878 0.2169305 0.7752906 -0.5931826 -11.32091 -4.769322 -10.69043 0.3976965 0.03033733 0.0004758835 0.3998037 149 150 -150
0.1714649 0.900805 0.3989362 -0.1526621 -0.3757483 0.9140611 0.9732904 -0.2176318 0.07309113 -11.32262 -4.94011 -10.76057 0.5264444 0.2421551 3.71933e-05 0.5795421 -7052 -7051 7051
0.1714649 0.900805 0.3989362 -0.1526621 -0.3757483 0.9140611 0.9732904 -0.2176318 0.07309113 -11.32262 -4.94011 -10.76057 0.5264444 0.2421551 3.71933e-05 0.5795421 -7053 -7052 7052
0.1097064 0.5844411 0.8039857 0.9700029 -0.2394849 0.04172878 0.2169305 0.7752906 -0.5931826 -11.32091 -4.769322 -10.69043 0.3976965 0.03033733 0.0004758835 0.3998037 -7036 -7035 7035
0.1097064 0.5844411 0.8039857 0.9700029 -0.2394849 0.04172878 0.2169305 0.7752906 -0.5931826 -11.32091 -4.769322 -10.69043 0.3976965 0.03033733 0.0004758835 0.3998037 -7037 -7036 7036
0.2083341 0.8754294 0.4361426 -0.2324139 -0.3888429 0.8915071 0.9500425 -0.2870969 0.1224527 -11.31157 -4.746077 -10.47228 0.6674824 0.3320007 1.096725e-05 0.7455131 153 154 -154
0.08111301 0.5256234 0.8468417 0.9682968 -0.2429626 0.05805732 0.2362671 0.8152849 -0.5286669 -11.29198 -4.533646 -10.37346 0.5125608 0.03028393 0.0003712177 0.5141971 155 156 -156
0.2083341 0.8754294 0.4361426 -0.2324139 -0.3888429 0.8915071 0.9500425 -0.2870969 0.1224527 -11.31157 -4.746077 -10.47228 0.6674824 0.3320007 1.096725e-05 0.7455131 -8 -7 7
0.2083341 0.8754294 0.4361426 -0.2324139 -0.3888429 0.8915071 0.9500425 -0.2870969 0.1224527 -11.31157 -4.746077 -10.47228 0.6674824 0.3320007 1.096725e-05 0.7455131 -7 -6 6
0.08111301 0.5256234 0.8468417 0.9682968 -0.2429626 0.05805732 0.2362671 0.8152849 -0.5286669 -11.29198 -4.533646 -10.37346 0.5125608 0.03028393 0.0003712177 0.5141971 -10 -9 9
0.08111301 0.5256234 0.8468417 0.9682968 -0.2429626 0.05805732 0.2362671 0.8152849 -0.5286669 -11.29198 -4.533646 -10.37346 0.5125608 0.03028393 0.0003712177 0.5141971 -9 -8 8
0.9831867 -0.1082525 0.147055 -0.1576855 -0.09722176 0.9826918 -0.09208191 -0.9893579 -0.112657 -8.513506 -3.448571 -10.21273 2.972285 3.035691 0.6891603 5.626838 159 160 -160
-0.06246029 -0.2696834 0.9609212 0.1603117 0.9475887 0.2763619 -0.9850882 0.1713085 -0.01595327 -5.701514 -4.346668 -10.49778 3.141972 0.8892956 0.9054911 5.076382 197 198 -198
0.9995574 -0.02651267 -0.01348819 0.02708402 0.9986597 0.04410549 0.01230075 -0.04445128 0.9989358 -8.784197 -4.248869 -9.187228 3.015385 1.219949 0.1768193 3.606456 161 162 -162
-0.01940003 -0.07988745 0.9966151 0.9663478 0.254236 0.0391901 -0.2565062 0.9638371 0.07226688 -7.091333 -4.15191 -10.26427 3.828685 1.004408 0.2306864 4.419613 183 184 -184
0.9995643 -0.02451926 -0.01642732 0.01138401 0.8338392 -0.55189 0.02722968 0.5514625 0.8337551 -8.783705 -4.288308 -9.05822 3.081067 0.4475272 0.05699682 3.227393 163 164 -164
0.999283 -0.03626228 -0.01089634 0.03771691 0.9786353 0.2021151 0.003334387 -0.2023811 0.9793012 -8.727641 -3.770147 -9.344255 3.005346 0.9386554 0.09487629 3.338273 173 174 -174
0.9996006 -0.01363587 -0.02475179 -0.004657592 0.7844064 -0.6202297 0.02787283 0.6200973 0.7840296 -8.783425 -4.28471 -9.045865 3.110984 0.4436152 0.04485083 3.232155 165 166 -166
0.9988975 -0.04694148 0.0005162827 0.04654843 0.9889885 -0.1404811 0.006083792 0.1403502 0.9900832 -8.761688 -3.892992 -9.31272 3.100486 0.03404212 0.0002880096 3.101249 171 172 -172
0.9990085 -0.01610989 -0.0415036 0.02467614 -0.5755739 0.8173773 -0.03705624 -0.817591 -0.5746056 -8.790009 -4.077634 -9.265358 3.113461 0.3116603 1.192093e-05 3.129045 167 168 -168
0.9999027 -0.01160049 -0.00774256 0.009345027 0.9693508 -0.2455031 0.01035321 0.2454068 0.9693649 -8.772166 -4.077928 -9.266098 3.108022 0.1908417 1.192093e-05 3.113899 169 170 -170
0.9990085 -0.01610989 -0.0415036 0.02467614 -0.5755739 0.8173773 -0.03705624 -0.817591 -0.5746056 -8.790009 -4.077634 -9.265358 3.113461 0.3116603 1.192093e-05 3.129045 -4331 -4330 4330
0.9990085 -0.01610989 -0.0415036 0.02467614 -0.5755739 0.8173773 -0.03705624 -0.817591 -0.5746056 -8.790009 -4.077634 -9.265358 3.113461 0.3116603 1.192093e-05 3.129045 -4332 -4331 4331
0.9999027 -0.01160049 -0.00774256 0.009345027 0.9693508 -0.2455031 0.01035321 0.2454068 0.9693649 -8.772166 -4.077928 -9.266098 3.108022 0.1908417 1.192093e-05 3.113899 -4583 -4582 4582
0.9999027 -0.01160049 -0.00774256 0.009345027 0.9693508 -0.2455031 0.01035321 0.2454068 0.9693649 -8.772166 -4.077928 -9.266098 3.108022 0.1908417 1.192093e-05 3.113899 -4584 -4583 4583
0.9988975 -0.04694148 0.0005162827 0.04654843 0.9889885 -0.1404811 0.006083792 0.1403502 0.9900832 -8.761688 -3.892992 -9.31272 3.100486 0.03404212 0.0002880096 3.101249 -4597 -4596 4596
0.9988975 -0.04694148 0.0005162827 0.04654843 0.9889885 -0.1404811 0.006083792 0.1403502 0.9900832 -8.761688 -3.892992 -9.31272 3.100486 0.03404212 0.0002880096 3.101249 -4598 -4597 4597
0.998638 0.05217492 -6.210778e-08 -0.05217492 0.998638 -3.224017e-05 -1.620105e-06 3.21995e-05 1 -8.740154 -3.860219 -9.317197 3.135544 0.6873488 1.096725e-05 3.21002 175 176 -176
0.9966792 -0.07971558 -0.0166131 0.0638585 0.6385961 0.7668879 -0.05052385 -0.7654021 0.641566 -8.699382 -3.016205 -9.259864 3.07631 0.2455873 0.01525319 3.116603 177 178 -178
0.998638 0.05217492 -6.210778e-08 -0.05217492 0.998638 -3.224017e-05 -1.620105e-06 3.21995e-05 1 -8.740154 -3.860219 -9.317197 3.135544 0.6873488 1.096725e-05 3.21002 -5431 -5430 5430
0.998638 0.05217492 -6.210778e-08 -0.05217492 0.998638 -3.224017e-05 -1.620105e-06 3.21995e-05 1 -8.740154 -3.860219 -9.317197 3.135544 0.6873488 1.096725e-05 3.21002 -5432 -5431 5431
0.9968138 -0.07738043 -0.01935042 0.05201036 0.4466348 0.8932034 -0.0604739 -0.8913639 0.4492363 -8.69145 -2.930614 -9.180886 3.087108 0.1334314 2.920628e-06 3.089996 179 180 -180
0.9965365 -0.08200116 -0.01381844 0.07138817 0.7583803 0.6478912 -0.0426482 -0.6466336 0.7616075 -8.697983 -3.030346 -9.266027 3.086774 0.1312618 5.38826e-05 3.089672 181 182 -182
0.9968138 -0.07738043 -0.01935042 0.05201036 0.4466348 0.8932034 -0.0604739 -0.8913639 0.4492363 -8.69145 -2.930614 -9.180886 3.087108 0.1334314 2.920628e-06 3.089996 -5451 -5450 5450
0.9968138 -0.07738043 -0.01935042 0.05201036 0.4466348 0.8932034 -0.0604739 -0.8913639 0.4492363 -8.69145 -2.930614 -9.180886 3.087108 0.1334314 2.920628e-06 3.089996 -5452 -5451 5451
0.9965365 -0.08200116 -0.01381844 0.07138817 0.7583803 0.6478912 -0.0426482 -0.6466336 0.7616075 -8.697983 -3.030346 -9.266027 3.086774 0.1312618 5.38826e-05 3.089672 -5437 -5436 5436
0.9965365 -0.08200116 -0.01381844 0.07138817 0.7583803 0.6478912 -0.0426482 -0.6466336 0.7616075 -8.697983 -3.030346 -9.266027 3.086774 0.1312618 5.38826e-05 3.089672 -5438 -5437 5437
-0.08338676 -0.0824606 0.9930996 0.974322 0.2024141 0.09861723 -0.2091494 0.9758222 0.06346451 -7.138735 -3.947082 -10.37362 3.931291 1.191551 0.01551008 4.13892 185 186 -186
0.04448321 -0.07628763 0.9960932 0.9769893 -0.2048729 -0.05932064 0.2085979 0.9758111 0.06541879 -7.318151 -4.110012 -10.25927 3.865252 0.7093859 0.01385117 3.957512 191 192 -192
-0.09728147 -0.08203636 0.9918702 0.9809562 0.1604339 0.1094803 -0.168111 0.9836316 0.06486683 -6.699008 -3.839522 -10.33795 3.898365 0.7385387 5.722046e-06 3.967718 187 188 -188
-0.06496415 -0.08185476 0.9945247 0.96089 0.2637319 0.08447363 -0.2692025 0.9611166 0.0615203 -7.151255 -3.968125 -10.2969 3.868321 0.4624777 1.549721e-06 3.895872 189 190 -190
-0.09728147 -0.08203636 0.9918702 0.9809562 0.1604339 0.1094803 -0.168111 0.9836316 0.06486683 -6.699008 -3.839522 -10.33795 3.898365 0.7385387 5.722046e-06 3.967718 -1969 -1968 1968
-0.09728147 -0.08203636 0.9918702 0.9809562 0.1604339 0.1094803 -0.168111 0.9836316 0.06486683 -6.699008 -3.839522 -10.33795 3.898365 0.7385387 5.722046e-06 3.967718 -1970 -1969 1969
-0.06496415 -0.08185476 0.9945247 0.96089 0.2637319 0.08447363 -0.2692025 0.9611166 0.0615203 -7.151255 -3.968125 -10.2969 3.868321 0.4624777 1.549721e-06 3.895872 -1991 -1990 1990
-0.06496415 -0.08185476 0.9945247 0.96089 0.2637319 0.08447363 -0.2692025 0.9611166 0.0615203 -7.151255 -3.968125 -10.2969 3.868321 0.4624777 1.549721e-06 3.895872 -1992 -1991 1991
0.02834004 -0.07619005 0.9966905 -0.9511873 0.3044838 0.05032187 -0.3073102 -0.9494655 -0.06384192 -7.057461 -4.179028 -10.272 3.84865 0.2710328 6.67572e-06 3.858195 193 194 -194
0.05921366 -0.07607541 0.9953423 0.9812252 -0.1789027 -0.0720476 0.1835504 0.9809211 0.06405363 -7.05706 -4.180079 -10.25802 3.863833 0.4534144 2.384186e-05 3.890394 195 196 -196
0.02834004 -0.07619005 0.9966905 -0.9511873 0.3044838 0.05032187 -0.3073102 -0.9494655 -0.06384192 -7.057461 -4.179028 -10.272 3.84865 0.2710328 6.67572e-06 3.858195 -1750 -1749 1749
0.02834004 -0.07619005 0.9966905 -0.9511873 0.3044838 0.05032187 -0.3073102 -0.9494655 -0.06384192 -7.057461 -4.179028 -10.272 3.84865 0.2710328 6.67572e-06 3.858195 -1751 -1750 1750
0.05921366 -0.07607541 0.9953423 0.9812252 -0.1789027 -0.0720476 0.1835504 0.9809211 0.06405363 -7.05706 -4.180079 -10.25802 3.863833 0.4534144 2.384186e-05 3.890394 -1700 -1699 1699
0.05921366 -0.07607541 0.9953423 0.9812252 -0.1789027 -0.0720476 0.1835504 0.9809211 0.06405363 -7.05706 -4.180079 -10.25802 3.863833 0.4534144 2.384186e-05 3.890394 -1701 -1700 1700
0.06297414 0.9774607 0.2015062 0.008686767 -0.2024362 0.9792569 0.9979773 -0.05991742 -0.02123922 -5.6567 -4.168287 -9.471968 1.240841 0.5112438 0.02396035 1.389955 199 200 -200
-0.03247289 -0.09220582 0.9952103 0.9688069 0.2418578 0.05401939 -0.2456803 0.9659208 0.08147581 -6.257288 -4.141319 -10.16054 3.687731 1.292413 0.3858826 4.67941 225 226 -226
0.08218467 0.995384 -0.0495608 0.9660599 -0.09178601 -0.2414612 -0.2448956 -0.0280343 -0.969144 -5.674345 -4.218295 -9.281561 0.8337655 0.03642488 0.02502251 0.8846058 201 202 -202
0.05822066 0.4929954 0.8680817 0.04905142 0.8670938 -0.4957241 -0.997098 0.07144203 0.02630065 -5.609004 -3.373621 -9.312101 0.6742706 0.1277474 0.02516699 0.7365994 211 212 -212
0.1182472 0.96657 -0.227508 0.9929818 -0.1156024 0.02496386 -0.002171161 -0.2288632 -0.9734561 -5.685953 -4.215253 -9.266637 0.2344308 0.05152512 0.001825333 0.243677 203 204 -204
0.09067765 0.9958803 -3.433381e-05 0.9957555 -0.09066683 -0.01582892 -0.01576682 0.001401141 -0.9998747 -5.661573 -3.990149 -9.316869 0.6266835 0.04277658 0.0003385544 0.6288188 209 210 -210
0.1683485 0.9577606 -0.2331384 0.9854817 -0.1688129 0.01810939 -0.02201232 -0.2328023 -0.972275 -5.675742 -4.218223 -9.265953 0.2056735 0.0425477 0.0001583099 0.2103449 205 206 -206
0.8967968 0.4401051 -0.04541992 -0.4423907 0.8935269 -0.076814 0.006777685 0.08897991 0.9960104 -5.653959 -4.040826 -9.312247 0.0528245 0.02774522 0.0004315376 0.06053069 207 208 -208
0.1683485 0.9577606 -0.2331384 0.9854817 -0.1688129 0.01810939 -0.02201232 -0.2328023 -0.972275 -5.675742 -4.218223 -9.265953 0.2056735 0.0425477 0.0001583099 0.2103449 -4354 -4353 4353
0.1683485 0.9577606 -0.2331384 0.9854817 -0.1688129 0.01810939 -0.02201232 -0.2328023 -0.972275 -5.675742 -4.218223 -9.265953 0.2056735 0.0425477 0.0001583099 0.2103449 -4355 -4354 4354
0.8967968 0.4401051 -0.04541992 -0.4423907 0.8935269 -0.076814 0.006777685 0.08897991 0.9960104 -5.653959 -4.040826 -9.312247 0.0528245 0.02774522 0.0004315376 0.06053069 -4555 -4554 4554
0.8967968 0.4401051 -0.04541992 -0.4423907 0.8935269 -0.076814 0.006777685 0.08897991 0.9960104 -5.653959 -4.040826 -9.312247 0.0528245 0.02774522 0.0004315376 0.06053069 -4556 -4555 4555
0.09067765 0.9958803 -3.433381e-05 0.9957555 -0.09066683 -0.01582892 -0.01576682 0.001401141 -0.9998747 -5.661573 -3.990149 -9.316869 0.6266835 0.04277658 0.0003385544 0.6288188 -4811 -4810 4810
0.09067765 0.9958803 -3.433381e-05 0.9957555 -0.09066683 -0.01582892 -0.01576682 0.001401141 -0.9998747 -5.661573 -3.990149 -9.316869 0.6266835 0.04277658 0.0003385544 0.6288188 -4812 -4811 4811
0.1377949 0.8649614 0.4825498 0.982049 -0.182674 0.04700992 0.128811 0.4674098 -0.8746061 -5.625763 -3.350903 -9.318047 0.2546582 0.03266764 0.0148623 0.2864696 213 214 -214
0.05670336 0.1804755 0.9819437 0.9935422 0.0866145 -0.07329236 -0.09827803 0.9797584 -0.1743987 -5.611953 -3.125825 -9.181394 0.4692869 0.04223824 0.02032453 0.511833 219 220 -220
0.2227544 0.9076894 0.3556407 0.9748431 -0.2103281 -0.07377654 0.007835083 0.3631279 -0.9317062 -5.626175 -3.365316 -9.31695 0.1466637 0.04214144 0.0002725124 0.153143 215 216 -216
0.2307296 0.7169648 0.6578186 0.9725927 -0.1899233 -0.1341366 0.02876385 0.6707389 -0.7411357 -5.617152 -3.233764 -9.265954 0.1328239 0.04199719 0.0001981258 0.1397015 217 218 -218
0.2227544 0.9076894 0.3556407 0.9748431 -0.2103281 -0.07377654 0.007835083 0.3631279 -0.9317062 -5.626175 -3.365316 -9.31695 0.1466637 0.04214144 0.0002725124 0.153143 -4610 -4609 4609
0.2227544 0.9076894 0.3556407 0.9748431 -0.2103281 -0.07377654 0.007835083 0.3631279 -0.9317062 -5.626175 -3.365316 -9.31695 0.1466637 0.04214144 0.0002725124 0.153143 -4611 -4610 4610
0.2307296 0.7169648 0.6578186 0.9725927 -0.1899233 -0.1341366 0.02876385 0.6707389 -0.7411357 -5.617152 -3.233764 -9.265954 0.1328239 0.04199719 0.0001981258 0.1397015 -4356 -4355 4355
0.2307296 0.7169648 0.6578186 0.9725927 -0.1899233 -0.1341366 0.02876385 0.6707389 -0.7411357 -5.617152 -3.233764 -9.265954 0.1328239 0.04199719 0.0001981258 0.1397015 -4357 -4356 4356
0.2011698 0.4108801 0.8892178 0.9782215 -0.1316427 -0.1604774 0.05112203 0.9021351 -0.4284143 -5.610704 -3.139663 -9.180943 0.1375751 0.04209852 5.90086e-06 0.143884 221 222 -222
