NUM_BV: 4359 NUM_TRI: 2180
0.01855664 0.9997754 -0.01023856 0.9970452 -0.01774055 0.07474171 0.07454329 -0.01159526 -0.9971504 -2981.917 -2863.267 1297.514 5831.73 5855.919 1754.695 11773.83 1 2 -2
0.3224991 0.9465458 -0.006735125 0.9178385 -0.3109626 0.2467281 0.2314451 -0.08575134 -0.9690614 -3794.75 -1171.211 685.853 4644.791 6617.012 2404.153 12892.79 3 4 -4
0.997708 0.04769197 0.0480021 -0.04785459 0.9988518 0.002243497 -0.04783999 -0.004535476 0.9988447 -2925.27 -2979.989 1333.269 6119.124 5681.109 1656.144 11662.06 1393 1394 -1394
0.8192517 -0.5382522 0.1977655 -0.2382167 -0.00574175 0.971195 -0.5216123 -0.8427642 -0.1329246 -1828.298 -1677.904 -1178.986 4882.318 3290.607 1564.284 9016.277 5 6 -6
-0.5064483 0.8343376 -0.2176945 0.7983229 0.549112 0.2472985 0.3258691 -0.04854661 -0.9441677 -125.1643 -4436.258 1674.335 7366.287 4965.374 2538.532 13960.6 911 912 -912
-0.2288113 -0.1118451 0.9670243 0.4622887 0.8617347 0.2090513 -0.8566998 0.4948777 -0.1454699 -2700.403 -3123.919 -97.63485 2758.809 1646.723 312.0091 3836.917 7 8 -8
0.9229589 -0.1258347 0.363748 -0.3778873 -0.1166859 0.9184692 -0.07313107 -0.9851651 -0.1552476 -2211.593 -2334.303 -1724.407 5188.047 4252.039 447.3466 7602.574 445 446 -446
-2.223564e-06 1.111826e-06 1 -0.2897841 0.957092 -1.708474e-06 -0.957092 -0.2897841 -1.805966e-06 -1959.15 -1934.917 5.000785 489.9989 281.9308 168.01 901.3375 9 10 -10
-0.3702878 -0.506912 0.7784133 0.4255629 0.6522958 0.6272212 -0.8257017 0.5635161 -0.02581427 -2538.504 -2627.257 -328.9835 2707.517 1519.891 279.1466 3663.244 263 264 -264
3.38133e-06 2.704979e-06 1 0.8506507 -0.5257313 -1.454239e-06 0.5257313 0.8506507 -4.078664e-06 -2021.966 -1786.426 5.160236 489.839 51.80231 220.6097 933.79 11 12 -12
2.705039e-06 1.352578e-06 1 -8.453614e-08 1 -1.352578e-06 -1 -8.453248e-08 2.70504e-06 -2000.001 -1889.973 5.117451 489.8822 180.0625 202.2507 926.4277 137 138 -138
-1.421705e-06 -1.561737e-06 1 -0.3420114 0.9396958 9.813182e-07 -0.9396958 -0.3420114 -1.870102e-06 -2089.65 -1992.261 5.049072 489.9509 300.0091 10.0033 594.5128 13 14 -14
8.829146e-07 -3.306193e-06 1 -0.3420086 0.9396968 3.408784e-06 -0.9396968 -0.3420086 -3.010745e-07 -1807.744 -1889.66 5.048062 489.9509 300.0119 10.00305 594.5138 75 76 -76
-7.816718e-07 -9.80549e-12 1 0.9238795 0.3826834 7.221743e-07 -0.3826834 0.9238795 -2.991238e-07 -2192.648 -1710.511 5.000002 489.9825 0.857666 9.993317 509.9699 15 16 -16
-7.816791e-07 -3.908505e-07 1 0.7071068 0.7071068 8.291037e-07 -0.7071068 0.7071068 -2.763576e-07 -2089.965 -1992.565 5.000002 490 0.8764648 9.991455 509.9837 45 46 -46
8.185187e-05 0.001886269 0.9999982 -0.01407082 0.9998992 -0.00188493 -0.999901 -0.01407064 0.000108385 -2189.316 -1719.27 5.013883 489.1331 14.65771 7.164917 503.6825 17 18 -18
-0.0001348193 -0.003141376 0.9999951 -0.01452625 0.9998896 0.003139086 -0.9998944 -0.01452576 -0.0001804369 -2198.797 -1716.991 4.949188 489.2617 15.99426 3.349731 496.2225 35 36 -36
0.002900202 0.001760217 0.9999943 0.8268047 0.5624789 -0.003388005 -0.5624816 0.8268098 0.0001759462 -2195.136 -1721.386 4.99958 489.3961 14.75684 2.389343 494.3972 19 20 -20
-0.002737764 0.002008811 0.9999943 0.84639 -0.5325529 0.003387034 0.5325567 0.8463945 -0.0002422335 -2193.194 -1700.98 4.950387 489.2731 14.47052 2.486572 494.4601 27 28 -28
0.003897993 -0.0001737529 0.9999924 0.999971 0.006541139 -0.003896773 -0.006540413 0.9999787 0.0001992451 -2196.477 -1719.888 4.999904 489.7218 7.168213 0.477356 490.729 21 22 -22
0.002234929 0.003049396 0.9999928 0.5520832 0.8337805 -0.00377642 -0.8337861 0.5520877 0.0001799199 -2188.066 -1720.263 4.999835 489.63 10.25903 0.9283752 491.5943 23 24 -24
0.003867301 -0.000949636 0.9999921 0.9804288 -0.1968342 -0.003978565 0.1968364 0.9804364 0.0001698334 -2196.497 -1719.491 4.999986 489.9289 3.898804 0.08276367 490.1099 -582 -581 581
0.003928215 0.0006017656 0.9999921 0.9440368 0.329817 -0.003906883 -0.3298168 0.9440447 0.0007275033 -2192.573 -1720.677 4.999741 489.6552 3.828857 0.3563843 490.383 -584 -583 583
0.003407328 0.002071498 0.9999921 0.8495067 0.5275627 -0.003987425 -0.5275668 0.8495136 3.782753e-05 -2188.83 -1719.766 5 489.9929 3.908691 0.01879883 490.0461 -586 -585 585
0.001647161 0.003536014 0.9999924 0.4506415 0.8926965 -0.003898896 -0.8927035 0.4506445 -0.0001230602 -2185.106 -1717.459 5.027199 489.9824 7.231445 0.4733887 490.9825 25 26 -26
0.002356919 0.003204272 0.9999921 0.5506647 0.8347171 -0.003972564 -0.8347232 0.5506697 0.0002028813 -2185.417 -1717.775 4.99998 489.912 3.893066 0.09954834 490.1266 -588 -587 587
0.0009387034 0.003868057 0.9999921 0.2273417 0.9738069 -0.003980179 -0.9738145 0.2273436 3.474508e-05 -2183.173 -1714.584 4.999999 489.9945 3.899658 0.01708984 490.0442 -590 -589 589
-0.001331632 0.00367388 0.9999924 -0.3531443 0.9355607 -0.003907425 -0.9355679 -0.3531468 5.158724e-05 -2181.891 -1710.647 4.999979 489.8703 7.390076 0.4056396 490.7373 29 30 -30
-0.003674282 0.0008976799 0.9999928 0.9864246 -0.1641718 0.003771802 0.164174 0.9864314 -0.0002822803 -2194.657 -1700.926 4.961686 489.5114 10.08154 1.023315 491.6618 31 32 -32
-0.0006021487 0.003939513 0.9999921 -0.2980454 0.9545436 -0.003939935 -0.9545515 -0.2980454 0.0005993764 -2181.99 -1710.703 4.999824 489.718 3.85199 0.2935791 490.3204 -592 -591 591
-0.00206015 0.0034085 0.9999921 -0.4469988 0.8945258 -0.003969906 -0.8945322 -0.4470034 -0.0003192619 -2183.002 -1706.996 5.004319 489.8504 3.886292 0.1568604 490.1796 -562 -561 561
-0.003213603 0.002346767 0.9999921 0.7615268 -0.6481212 0.003968265 0.6481254 0.7615336 0.0002956779 -2187.936 -1701.18 4.984522 489.8664 3.889526 0.1452637 490.1723 -564 -563 563
-0.003903483 0.0001729475 0.9999924 0.9980244 0.06270747 0.003884956 -0.06270632 0.9980319 -0.0004173834 -2195.133 -1701.152 4.972249 489.5677 7.080566 0.5828857 490.7847 33 34 -34
-0.003867295 0.000948831 0.9999921 0.9981428 -0.06079135 0.003917824 0.06079458 0.9981501 -0.0007119708 -2191.835 -1700.709 4.984735 489.6627 3.833008 0.348938 490.3756 -566 -565 565
-0.003939172 -0.0006021562 0.9999921 0.9545469 0.2980345 0.003939619 -0.2980346 0.9545549 -0.0005992229 -2195.592 -1701.23 4.984615 489.718 3.860352 0.2936401 490.3205 -568 -567 567
-0.002234327 -0.003047802 0.9999928 0.4963985 0.8680866 0.0037549 -0.8680919 0.4964034 -0.0004266646 -2201.594 -1708.947 4.962413 489.3591 9.878174 1.164917 491.7886 37 38 -38
0.001962675 -0.003232134 0.9999928 -0.5765396 0.8170605 0.003772436 -0.8170669 -0.5765429 -0.0002598291 -2197.237 -1718.753 4.96158 489.5362 10.11559 1.002197 491.6451 41 42 -42
-0.003397889 -0.002070649 0.9999921 0.9261423 0.3771537 0.003927913 -0.3771588 0.9261484 0.0006361898 -2199.127 -1702.691 4.984681 489.6996 3.849854 0.3120728 490.3388 -570 -569 569
-0.001652552 -0.003536016 0.9999924 0.3011749 0.9535611 0.003869544 -0.9535675 0.301179 -0.0005108501 -2201.741 -1709.541 4.972287 489.5092 7.079102 0.628479 490.8174 39 40 -40
-0.002356083 -0.003203831 0.9999921 0.4054002 0.914131 0.003883909 -0.9141362 0.4054062 -0.0008549349 -2200.937 -1706.29 4.984856 489.5922 3.807129 0.4194336 490.4458 -572 -571 571
-0.0009488433 -0.003867691 0.9999921 0.1555246 0.9878241 0.003968198 -0.9878316 0.1555272 -0.0003357689 -2202.087 -1709.931 4.984532 489.847 3.884033 0.1646118 490.1917 -574 -573 573
0.000612308 -0.003939538 0.9999921 -0.3295639 0.9441252 0.003921242 -0.9441331 -0.3295636 -0.0007202338 -2201.317 -1713.654 4.991246 489.6522 3.83551 0.3529053 490.373 -576 -575 575
0.002638267 -0.002877239 0.9999924 -0.6940569 0.7199095 0.003902489 -0.7199153 -0.694062 -9.76536e-05 -2196.898 -1719.316 4.971506 489.8144 7.29071 0.4284668 490.7256 43 44 -44
0.002061758 -0.003397927 0.9999921 -0.6385242 0.7695917 0.00393153 -0.769599 -0.6385272 -0.0005829469 -2199.41 -1716.917 4.984687 489.7257 3.852417 0.2858887 490.3126 -578 -577 577
0.003214409 -0.002357304 0.999992 0.8283163 -0.5602466 -0.00398325 0.5602515 0.8283225 0.0001517318 -2199.671 -1717.161 4.999988 489.9372 3.90332 0.07446289 490.1016 -580 -579 579
2.589841e-05 0.0005583929 0.9999998 -0.02637175 0.999652 -0.0005575157 -0.9996521 -0.02637173 4.06152e-05 -2089.322 -1995.423 4.999604 489.3763 4.437866 9.731079 508.8586 47 48 -48
-0.0001733868 -0.0039039 0.9999924 0.04786232 0.9988463 0.003907725 -0.9988539 0.04786264 1.366301e-05 -2099.44 -1995.661 4.997345 489.9839 7.518799 0.3903809 490.8224 73 74 -74
0.002828733 0.0004360263 0.9999959 0.9735714 0.2283649 -0.002853558 -0.2283652 0.9735755 0.0002214805 -2098.052 -1999.935 4.999032 489.0638 16.25049 4.369873 498.0735 49 50 -50
-0.002778773 0.0006796169 0.9999959 0.9835232 -0.1807593 0.002855846 0.1807605 0.9835272 -0.0001661301 -2095.293 -1985.485 4.951663 489.202 16.6781 4.260986 498.0082 61 62 -62
0.003047808 -0.00223491 0.9999928 0.8337887 -0.5520708 -0.003775083 0.5520753 0.8337942 0.0001808367 -2099.56 -1996.45 4.999832 489.6305 10.26123 0.9240723 491.5862 51 52 -52
0.002661484 0.00244053 0.9999934 0.6859688 0.727622 -0.003601502 -0.727626 0.6859739 0.0002624271 -2088.84 -2003.428 4.999549 489.3704 12.53662 1.717285 492.9655 55 56 -56
0.002071876 -0.003397915 0.9999921 -0.5726571 0.8197854 0.003972067 -0.8197923 -0.5726608 -0.0002473462 -2096.92 -1998.94 4.984509 489.8903 3.892334 0.1213379 490.1484 -610 -609 609
0.003535613 -0.001653766 0.9999924 0.9181618 -0.3961864 -0.003901494 0.3961898 0.9181685 0.0001176633 -2097.193 -1999.412 4.999948 489.7939 7.260986 0.4384766 490.7247 53 54 -54
0.003203491 -0.002357324 0.9999921 0.8012764 -0.5982811 -0.003977255 0.5982857 0.8012828 -2.771965e-05 -2097.012 -1998.999 4.999999 489.9977 3.898193 0.01391602 490.041 -612 -611 611
0.003867319 -0.0009492214 0.9999921 0.9985876 -0.05298641 -0.003912183 0.05298971 0.9985948 0.0007429654 -2093.899 -2001.684 4.99973 489.6476 3.83374 0.3640137 490.3907 -614 -613 613
0.003669149 0.001337098 0.9999924 0.9215326 0.3882813 -0.00390044 -0.3882835 0.9215399 0.0001924823 -2089.901 -2002.683 5.005275 489.7224 7.175049 0.4729614 490.7209 57 58 -58
0.001653388 0.003541525 0.9999924 0.3777494 0.9258997 -0.003903693 -0.9259064 0.377753 0.0001930624 -2082.461 -1999.809 4.99991 489.7271 7.185059 0.4743652 490.7285 59 60 -60
0.0039399 0.0006122873 0.9999921 0.9531789 0.3023812 -0.003940605 -0.3023813 0.9531869 0.0006077325 -2089.996 -2002.532 5.004027 489.7098 3.856445 0.2976685 490.3203 -616 -615 615
0.003398738 0.002061724 0.9999921 0.8742628 0.4854366 -0.003972258 -0.4854409 0.8742694 -0.000152617 -2086.266 -2001.584 4.99999 489.9368 3.89209 0.07476807 490.1018 -618 -617 617
0.0023577 0.003214444 0.999992 0.5058993 0.8625835 -0.003965516 -0.8625893 0.5059046 0.0004075284 -2082.728 -1999.731 4.999917 489.8123 3.885742 0.1994019 490.2265 -620 -619 619
0.0009496483 0.003868087 0.999992 0.2492831 0.9684224 -0.003982705 -0.96843 0.2492849 -4.458823e-05 -2080.611 -1996.474 4.999998 489.9897 3.9021 0.02197266 490.0491 -622 -621 621
-0.001959524 0.003232131 0.9999928 -0.557216 0.830359 -0.003775734 -0.8303652 -0.5572194 0.000173887 -2078.9 -1992.18 4.999841 489.6393 10.27698 0.9152832 491.5777 63 64 -64
-0.003391162 -0.001234736 0.9999935 0.9232359 0.3842166 0.003605272 -0.3842185 0.9232421 -0.0001629882 -2097.897 -1986.626 4.963356 489.51 12.83008 1.622009 492.9222 67 68 -68
-0.0006013431 0.003928626 0.9999921 -0.1623966 0.9867176 -0.003974132 -0.9867254 -0.1623977 4.463969e-05 -2079.639 -1992.687 4.999999 489.99 3.892456 0.02160645 490.0487 -624 -623 623
-0.002637452 0.002883097 0.9999924 -0.6554268 0.7552485 -0.003906142 -0.755254 -0.6554321 -0.0001022732 -2080.305 -1988.391 5.034871 489.9749 7.272049 0.4537354 490.9363 65 66 -66
-0.00207109 0.003408122 0.9999921 -0.4615271 0.8871172 -0.0039793 -0.8871238 -0.4615317 -0.0002643593 -2080.365 -1988.9 4.999966 489.882 3.89978 0.1296387 490.1568 -594 -593 593
-0.00320345 0.002357309 0.9999921 0.7623123 -0.6471972 0.003967705 0.6472015 0.762319 0.0002762582 -2085.332 -1983.087 4.984534 489.8761 3.888672 0.135498 490.1626 -596 -595 595
-0.003903484 0.0001678971 0.9999924 0.9999723 0.006332316 0.003902343 -0.006331613 0.99998 -0.0001926105 -2092.608 -1982.764 4.97187 489.7281 7.185303 0.4719238 490.7246 69 70 -70
-0.002878022 -0.002637857 0.9999924 0.7420325 0.6703525 0.00390391 -0.6703578 0.7420382 2.808659e-05 -2098.981 -1987.73 4.998085 489.9833 7.447754 0.4046631 490.8492 71 72 -72
-0.003868111 0.0009387276 0.9999921 0.9612889 -0.2755135 0.003977036 0.275515 0.9612967 0.0001633284 -2089.184 -1982.194 4.984508 489.9317 3.892456 0.07995605 490.1071 -598 -597 597
-0.003939115 -0.0006024974 0.9999921 0.9940074 0.1092404 0.003981358 -0.1092419 0.9940152 0.0001685764 -2093.079 -1982.778 4.984452 489.9293 3.901367 0.08239746 490.1096 -600 -599 599
-0.003408912 -0.002060944 0.9999921 0.8945428 0.4469647 0.003970618 -0.4469693 0.8945493 0.0003199391 -2096.48 -1984.74 4.984504 489.8546 3.890381 0.1571045 490.1842 -602 -601 601
-0.002346727 -0.003213573 0.9999921 0.5813259 0.813661 0.003979004 -0.8136674 0.5813307 -4.130672e-05 -2098.693 -1988.042 4.984479 489.9915 3.899902 0.0201416 490.0473 -604 -603 603
-0.0009496903 -0.003867703 0.9999921 0.4216897 0.9067318 0.003907475 -0.9067397 0.4216901 0.0007698565 -2099.982 -1991.661 4.984749 489.6342 3.828613 0.3774414 490.4041 -606 -605 605
0.000602145 -0.003938757 0.9999921 -0.2477925 0.968805 0.003965125 -0.9688129 -0.2477929 -0.0003926332 -2098.864 -1995.632 4.984518 489.819 3.885864 0.192627 490.2197 -608 -607 607
0 0 1 0.8506508 0.5257311 0 -0.5257311 0.8506508 0 -1911.935 -1608.728 5 490 3.737793 9.82486 509.664 77 78 -78
3.908261e-07 3.908286e-07 1 -2.442679e-08 1 -3.908286e-07 -1 -2.442663e-08 3.908261e-07 -1807.74 -1890.09 5.000004 490 0.8797607 9.990112 509.981 107 108 -108
-0.002399995 -0.0008732196 0.9999968 0.9136307 0.4065371 0.002547714 -0.4065381 0.9136339 -0.000177887 -1918.067 -1606.099 4.970068 489.0512 16.34961 5.333099 499.9907 79 80 -80
0.002400015 0.0008724562 0.9999968 0.9119749 0.4102379 -0.002546677 -0.4102389 0.9119781 0.0001889191 -1917.552 -1616.045 4.998988 489.0325 16.2605 5.356415 500.0156 93 94 -94
-0.003271311 0.001523668 0.9999935 0.9292337 -0.3694749 0.003602793 0.369478 0.9292395 -0.0002071761 -1912.126 -1598.084 4.953938 489.4493 12.68921 1.665405 492.9446 81 82 -82
-0.001526369 -0.003268918 0.9999935 0.3586426 0.933468 0.003598875 -0.9334736 0.3586458 -0.0002524435 -1919.865 -1609.459 4.954383 489.3846 12.55566 1.705261 492.9562 87 88 -88
-0.002637078 0.002878402 0.9999924 -0.683508 0.7299326 -0.003903533 -0.7299383 -0.6835131 4.252151e-05 -1900.66 -1604.049 4.999983 489.8849 7.410248 0.3970947 490.7351 83 84 -84
-0.003903071 0.0001687241 0.9999924 0.9946544 -0.1031868 0.003899647 0.1031867 0.994662 0.0002349232 -1913.713 -1597.798 4.999392 489.982 7.096924 0.5550537 491.1435 85 86 -86
-0.002070692 0.003397957 0.9999921 -0.4461932 0.8949279 -0.003964887 -0.8949343 -0.4461978 -0.0003369745 -1901.1 -1604.39 5.004422 489.8417 3.881348 0.1654053 490.1879 -530 -529 529
-0.003203861 0.002357317 0.9999921 0.7824441 -0.6227081 0.003974794 0.6227125 0.7824507 0.0001506016 -1906.074 -1598.622 4.984506 489.9376 3.895325 0.07397461 490.101 -532 -531 531
-0.003867691 0.0009492396 0.9999921 0.9847606 -0.1738698 0.003973826 0.1738722 0.9847682 -0.0002622991 -1909.932 -1597.877 4.987319 489.8803 3.891235 0.128479 490.1527 -534 -533 533
-0.003939527 -0.0006122323 0.9999921 0.998516 -0.0543203 0.003900455 0.05431748 0.9985234 0.00082532 -1913.748 -1597.946 4.98476 489.6073 3.821777 0.4044189 490.431 -536 -535 535
-0.002877205 -0.002638646 0.9999924 0.6926659 0.7212481 0.00389609 -0.7212529 0.6926719 -0.0002474785 -1919.074 -1603.149 4.972078 489.6842 7.134766 0.5012207 490.7386 89 90 -90
-0.0001737529 -0.003898396 0.9999924 -0.006350437 0.9999723 0.003897214 -0.9999799 -0.006349712 -0.0001985046 -1919.842 -1610.692 4.977333 489.7173 7.163452 0.4769897 490.7236 91 92 -92
-0.003397902 -0.002061716 0.9999921 0.8072321 0.5902207 0.003959794 -0.5902243 0.8072392 -0.0003412287 -1917.001 -1600.505 4.984577 489.8442 3.880127 0.1674194 490.1944 -538 -537 537
-0.002357324 -0.003214414 0.999992 0.6231495 0.7820926 0.003982966 -0.7820991 0.6231539 0.0001594144 -1919.471 -1603.471 4.984439 489.9335 3.90332 0.07809448 490.1053 -540 -539 539
-0.0009496602 -0.003868075 0.999992 0.3228012 0.9464585 0.003967555 -0.9464662 0.3228024 0.0003498053 -1920.502 -1607.255 4.984517 489.84 3.887207 0.1716309 490.1987 -542 -541 541
0.0006017656 -0.003928581 0.9999921 -0.3679518 0.9298368 0.003874391 -0.9298447 -0.3679513 -0.0008859849 -1919.35 -1610.991 4.984945 489.5776 3.786743 0.43396 490.4602 -544 -543 543
0.003272072 -0.00152602 0.9999935 0.9245116 -0.3811367 -0.003606715 0.3811398 0.9245174 0.0001637165 -1920.37 -1612.664 4.999734 489.5183 12.83643 1.626465 492.9395 95 96 -96
0.001525619 0.003271683 0.9999935 0.3717707 0.9283176 -0.003604365 -0.9283234 0.3717738 0.0001999432 -1905.392 -1617.756 4.999669 489.4612 12.71509 1.65686 492.9401 101 102 -102
0.002638657 -0.002883088 0.9999924 -0.7019518 0.7122137 0.003905614 -0.7122195 -0.7019567 -0.0001445012 -1914.991 -1616.629 4.971676 489.7689 7.235458 0.4493408 490.721 97 98 -98
0.003904242 -0.0001679194 0.9999924 0.9987032 -0.05076069 -0.003907732 0.05076095 0.9987108 -3.048037e-05 -1914.391 -1617.161 5.032465 489.9779 7.444336 0.4000854 490.8347 99 100 -100
0.002071498 -0.003408088 0.9999921 -0.5730779 0.8194913 0.00398006 -0.8194984 -0.5730816 -0.000255525 -1917.618 -1614.428 4.984445 489.8864 3.900513 0.1252441 490.1524 -546 -545 545
0.003204272 -0.002357324 0.9999921 0.8012537 -0.5983115 -0.00397788 0.5983161 0.8012601 -2.833758e-05 -1917.711 -1614.489 5 489.9977 3.898132 0.01391602 490.041 -548 -547 547
0.003868057 -0.0009387005 0.9999921 0.9773487 -0.2115977 -0.003979099 0.2115998 0.9773564 9.896571e-05 -1914.588 -1616.858 5.001708 489.9612 3.896973 0.04864502 490.074 -550 -549 549
0.003939506 0.0006024918 0.9999921 0.9962296 0.08666522 -0.003976899 -0.08666693 0.9962374 -0.000258802 -1910.801 -1617.604 4.999968 489.8851 3.896606 0.1265869 490.1538 -552 -551 551
0.002877648 0.002637892 0.9999924 0.7211915 0.6927248 -0.003902698 -0.6927299 0.7211972 9.099301e-05 -1906.634 -1617.449 4.999962 489.821 7.30127 0.4284058 490.7322 103 104 -104
0.0001729486 0.003903849 0.9999924 -0.07065362 0.9974933 -0.003881874 -0.9975008 -0.07065242 0.0004483362 -1900.694 -1611.928 4.999732 489.5482 7.079712 0.5977783 490.7949 105 106 -106
0.003408486 0.002060928 0.9999921 0.8945911 0.446868 -0.003970196 -0.4468727 0.8945975 -0.0003205447 -1906.998 -1616.998 5.002092 489.8522 3.888672 0.1572571 490.1822 -554 -553 553
0.002346807 0.003213682 0.9999921 0.5889162 0.8081843 -0.003979352 -0.8081907 0.588921 4.063128e-06 -1903.589 -1615.121 5.000001 490.0098 3.900391 0.001831055 490.029 -556 -555 555
0.000948855 0.003867667 0.9999921 0.2263735 0.9740325 -0.003982061 -0.9740401 0.2263755 4.867825e-05 -1901.267 -1611.976 5 489.9877 3.9021 0.02392578 490.0511 -558 -557 557
-0.000602107 0.003938749 0.9999921 -0.0931265 0.9956464 -0.003977705 -0.9956542 -0.09312815 -0.0002326837 -1900.474 -1608.191 4.999973 489.8976 3.898193 0.1140137 490.1412 -560 -559 559
-0.002398814 -0.0008740236 0.9999968 0.9080145 0.4189312 0.002544322 -0.4189321 0.9080176 -0.0002113117 -1815.169 -1888.045 4.958069 488.9718 16.03174 5.398254 500.0311 109 110 -110
0.002398823 0.0008732166 0.9999968 0.9142708 0.4050957 -0.002546918 -0.4050966 0.914274 0.0001733963 -1814.981 -1897.944 4.999076 489.0759 16.39526 5.330475 500.0115 123 124 -124
-0.003268918 0.00152639 0.9999935 0.9270945 -0.3748105 0.003602725 0.3748136 0.9271002 -0.0001898829 -1809.546 -1879.929 4.953783 489.4769 12.7417 1.645508 492.9337 111 112 -112
-0.001525979 -0.003272073 0.9999934 0.3497103 0.936851 0.003599119 -0.9368566 0.3497135 -0.0002853374 -1817.155 -1891.327 4.954605 489.3382 12.47437 1.742676 492.9825 117 118 -118
-0.002638637 0.002877225 0.9999924 -0.6889675 0.7247818 -0.003903325 -0.7247875 -0.6889726 6.987865e-05 -1798.049 -1885.944 4.999971 489.8459 7.340195 0.4151611 490.7312 113 114 -114
-0.003898409 0.0001737761 0.9999924 0.9988474 -0.0478399 0.003902259 0.04784022 0.9988551 1.292369e-05 -1811.141 -1879.861 4.997342 489.984 7.510498 0.3897705 490.8211 115 116 -116
-0.002061716 0.003397944 0.9999921 -0.4721682 0.8814995 -0.003968794 -0.881506 -0.4721727 -0.0002130005 -1798.442 -1886.279 4.999978 489.9073 3.889099 0.104248 490.1313 -626 -625 625
-0.003214404 0.002357309 0.999992 0.8009572 -0.5987083 0.003985972 0.598713 0.8009636 3.638631e-05 -1803.508 -1880.577 4.984437 489.9937 3.904053 0.01794434 490.0451 -628 -627 627
-0.003868087 0.0009496543 0.999992 0.9614884 -0.2748165 0.003980133 0.2748181 0.9614961 0.0001499326 -1807.29 -1879.589 4.984468 489.9379 3.899658 0.07373047 490.1009 -630 -629 629
-0.003928573 -0.0006017128 0.9999921 0.9956461 0.09313024 0.003967538 -0.09313189 0.9956539 0.000233224 -1811.171 -1880.136 4.987166 489.8946 3.885376 0.1144409 490.1389 -632 -631 631
-0.002883062 -0.002638655 0.9999924 0.6822462 0.7311121 0.003896141 -0.7311168 0.6822522 -0.0003076291 -1816.398 -1885.089 4.97213 489.6417 7.111572 0.5285034 490.7504 119 120 -120
-0.0001678939 -0.00390429 0.9999924 -0.005102102 0.9999794 0.003903382 -0.999987 -0.005101408 -0.0001878105 -1817.243 -1892.612 4.971849 489.7319 7.189331 0.4696655 490.724 121 122 -122
-0.003408088 -0.002071498 0.9999921 0.8194913 0.5730777 0.00398006 -0.5730814 0.8194984 -0.0002555244 -1814.428 -1882.383 4.984445 489.8865 3.900391 0.1252441 490.1525 -634 -633 633
-0.002357304 -0.003204257 0.9999921 0.5597765 0.8286341 0.003974751 -0.8286403 0.5597814 -0.0001596751 -1816.745 -1885.464 4.984507 489.9334 3.89502 0.07824707 490.1053 -636 -635 635
-0.0009386975 -0.003868081 0.9999921 0.1746702 0.984619 0.00397258 -0.9846265 0.1746725 -0.000248621 -1817.61 -1889.231 4.987209 489.887 3.889648 0.1218872 490.1462 -638 -637 637
0.0006024899 -0.003939555 0.9999921 -0.06436335 0.9979187 0.003970165 -0.9979264 -0.06436523 0.000347673 -1817.31 -1893.081 4.984498 489.8415 3.890137 0.170166 490.1973 -640 -639 639
0.003271672 -0.0015256 0.9999935 0.93185 -0.3628259 -0.003602258 0.362829 0.9318557 0.0002345829 -1817.753 -1894.645 4.999604 489.4096 12.61121 1.689941 492.952 125 126 -126
0.001523627 0.003271251 0.9999934 0.3556558 0.9346101 -0.003599254 -0.9346157 0.3556589 0.0002605577 -1802.716 -1899.66 4.999552 489.3727 12.53638 1.716187 492.9657 131 132 -132
0.002637874 -0.002877596 0.9999924 0.7310203 -0.6823446 -0.003891881 0.6823506 0.731025 0.0003036421 -1817.503 -1893.459 4.999838 489.6422 7.099873 0.5317383 490.7571 127 128 -128
0.003903826 -0.0001729708 0.9999924 0.9999711 0.006524376 -0.003902614 -0.006523651 0.9999787 0.0001984359 -1811.967 -1899.187 4.999906 489.7224 7.178223 0.477417 490.7298 129 130 -130
0.002060922 -0.003408465 0.9999921 -0.4725901 0.8812734 0.003977792 -0.8812799 -0.4725945 0.000205429 -1815.209 -1896.458 4.984474 489.9108 3.898254 0.1008301 490.128 -642 -641 641
0.003213663 -0.002346767 0.9999921 0.8622261 -0.5065081 -0.003959592 0.5065134 0.862232 0.0003956977 -1815.214 -1896.579 5.004757 489.813 3.876099 0.1937256 490.2159 -644 -643 643
0.003867673 -0.0009488734 0.9999921 0.9522292 -0.3053585 -0.003972689 0.3053598 0.952237 -0.000277482 -1811.925 -1898.582 5.004028 489.8717 3.888794 0.1358643 490.1589 -646 -645 645
0.003938753 0.0006021241 0.9999921 0.9837151 0.1796907 -0.003982839 -0.1796917 0.983723 0.0001154388 -1808.168 -1899.695 5.001815 489.9532 3.901367 0.05657959 490.0819 -648 -647 647
0.002878375 0.002637127 0.9999924 0.6472931 0.7622315 -0.003873283 -0.7622359 0.6472993 0.000486994 -1803.854 -1899.447 4.999703 489.5263 7.08252 0.6120605 490.8016 133 134 -134
0.0001686759 0.003903094 0.9999924 -0.005675785 0.9999763 -0.003902074 -0.9999839 -0.005675084 0.000190825 -1798.205 -1893.872 5.005303 489.7226 7.177979 0.475769 490.7267 135 136 -136
0.003397936 0.002070731 0.9999921 0.7844867 0.6201332 -0.003949795 -0.6201364 0.7844939 0.0004827123 -1804.174 -1899.236 4.999886 489.7753 3.871338 0.2362671 490.2632 -650 -649 649
0.002357324 0.003203881 0.9999921 0.5982963 0.8012651 -0.003977568 -0.8012714 0.5983009 -2.802862e-05 -1801.001 -1897.012 5 489.9977 3.898193 0.01391602 490.041 -652 -651 651
0.0009492396 0.003867667 0.9999921 0.1968724 0.9804211 -0.003978853 -0.9804287 0.1968746 0.0001692176 -1798.599 -1893.896 4.999986 489.9288 3.898926 0.08288574 490.11 -654 -653 653
-0.000612255 0.00393953 0.9999921 -0.0802511 0.9967667 -0.003975959 -0.9967745 -0.0802529 -0.0002941238 -1797.894 -1890.102 4.999958 489.8675 3.895752 0.144165 490.1713 -656 -655 655
1.329915e-06 2.204587e-06 1 -0.3420086 0.9396968 -1.616801e-06 -0.9396968 -0.3420086 2.003704e-06 -2089.65 -1992.26 5.049431 489.9506 300.0104 10.0033 594.5132 139 140 -140
-5.457659e-06 3.672266e-06 1 -0.3420141 0.9396948 -5.317406e-06 -0.9396948 -0.3420141 -3.872568e-06 -1807.742 -1889.657 5.001634 489.9509 300.0104 10.00378 594.5144 201 202 -202
3.126531e-06 -3.910827e-11 1 -0.3826833 0.9238796 1.196507e-06 -0.9238796 -0.3826833 2.888523e-06 -2089.496 -1992.632 5.034953 489.965 0.8406982 9.994019 509.9538 141 142 -142
-1.563353e-06 -1.563314e-06 1 0.973249 0.2297528 1.880708e-06 -0.2297528 0.973249 1.162309e-06 -2193.396 -1710.618 5.000007 490 2.33667 9.93457 509.8747 171 172 -172
0.0002341983 -0.001527231 0.9999988 -0.09439608 0.9955335 0.001542519 -0.9955347 -0.09439633 8.898764e-05 -2090.947 -1999.593 5.815771 489.1719 12.77722 7.963989 505.2667 143 144 -144
-0.0005149482 0.003357795 0.9999942 -0.09206712 0.995747 -0.003390944 -0.9957526 -0.09206834 -0.0002036156 -2081.4 -1999.187 5.710418 489.3425 14.64026 2.43042 494.4223 163 164 -164
-0.002320435 -0.002125397 0.9999951 0.786902 0.6170701 0.00313749 -0.6170737 0.7869053 0.0002406082 -2100.034 -1991.938 5.868855 489.1344 15.65283 3.434692 496.2542 145 146 -146
0.003297724 -0.000807651 0.9999943 0.9548693 -0.2970069 -0.003388793 0.2970079 0.954875 -0.0002082456 -2099.187 -1997.224 5.719116 489.3337 14.60815 2.437378 494.4265 155 156 -156
-0.003738832 -0.0005748416 0.9999928 0.9947391 0.1023716 0.003778037 -0.102373 0.9947461 0.0001890672 -2094.675 -1983.674 5.383462 489.6202 10.25391 0.9296265 491.5869 147 148 -148
-0.0008977833 -0.003674246 0.9999928 0.2930661 0.9560847 0.003776028 -0.9560918 0.2930674 0.0002184401 -2099.527 -1993.6 5.419224 489.5845 10.19531 0.9584961 491.6076 151 152 -152
-0.00390351 0.0001679194 0.9999924 0.9989519 -0.04560467 0.003907106 0.04560498 0.9989595 1.02749e-05 -2091.14 -1982.56 5.055681 489.9481 7.53772 0.3826904 490.7714 149 150 -150
-0.003408912 -0.002060956 0.9999921 0.8740837 0.485759 0.003980834 -0.4857634 0.8740904 0.0001455387 -2094.775 -1983.808 5.063859 489.94 3.898438 0.07162476 490.0988 -601 -600 600
-0.003867325 0.0009379166 0.9999921 0.9877066 -0.1562689 0.003966381 0.1562714 0.9877142 -0.000322044 -2087.34 -1982.886 5.150494 489.8535 3.887085 0.1582031 490.1853 -597 -596 596
-0.003937603 -0.000602107 0.9999921 0.9966989 0.08109043 0.003973461 -0.08109218 0.9967065 0.0002808175 -2091.153 -1982.428 5.129768 489.8741 3.891113 0.1375122 490.1646 -599 -598 598
-0.001647173 -0.003541122 0.9999924 0.4414456 0.8972796 0.003904543 -0.8972865 0.4414486 8.523837e-05 -2099.209 -1989.9 5.175008 489.8288 7.319092 0.419281 490.722 153 154 -154
0.0006020995 -0.00393997 0.9999921 -0.05836397 0.9982875 0.003968395 -0.9982952 -0.05836589 0.0003711161 -2099.527 -1993.761 5.173927 489.83 3.887939 0.1816406 490.2087 -607 -606 606
-0.002345917 -0.003214374 0.9999921 0.3445505 0.93876 0.003825843 -0.9387648 0.3445567 -0.001094739 -2097.058 -1986.642 5.529688 489.4747 3.749756 0.5368652 490.5628 -603 -602 602
-0.0009488792 -0.003867307 0.9999921 0.3053481 0.9522325 0.003972345 -0.9522403 0.3053494 0.0002773209 -2099.305 -1989.884 5.128133 489.8758 3.893066 0.1358643 490.163 -605 -604 604
0.003049357 -0.002235036 0.9999928 0.7519889 -0.659165 -0.003766367 0.6591687 0.751995 -0.0003293073 -2099.811 -1995.361 5.580964 489.4606 10.00714 1.065918 491.6947 157 158 -158
0.003669195 0.001337879 0.9999924 0.935649 0.3529103 -0.00390526 -0.3529128 0.9356561 4.311162e-05 -2091.743 -2003.29 5.022422 489.9829 7.4021 0.4110107 490.8608 161 162 -162
0.002638249 -0.002877276 0.9999924 -0.6363587 0.7713835 0.003898386 -0.7713888 -0.6363642 0.0002041222 -2095.54 -2000.214 5.284872 489.719 7.170715 0.4761963 490.7239 159 160 -160
0.003867325 -0.0009504169 0.9999921 0.9847769 -0.1737778 -0.003973645 0.1737802 0.9847845 0.0002638933 -2095.792 -2000.982 5.136497 489.8829 3.888184 0.1287842 490.1559 -613 -612 612
0.002071108 -0.003397155 0.9999921 -0.5726652 0.8197798 0.003971002 -0.8197867 -0.5726689 -0.0002475801 -2097.935 -1997.276 5.113606 489.8903 3.892456 0.1213379 490.1484 -609 -608 608
0.003204257 -0.002356914 0.9999921 0.8286144 -0.5598057 -0.003974539 0.5598106 0.8286206 0.0001592117 -2098.634 -1997.92 5.085864 489.9335 3.895142 0.078125 490.1053 -611 -610 610
0.003939115 0.0006114779 0.9999921 0.9941162 0.1082452 -0.00398216 -0.1082467 0.9941241 -0.0001814901 -2092.026 -2002.46 5.097051 489.9224 3.898926 0.08929443 490.1165 -615 -614 614
0.003398738 0.002061724 0.9999921 0.8742628 0.4854366 -0.003972258 -0.4854409 0.8742694 -0.000152617 -2087.931 -2002.595 5.082499 489.9368 3.89209 0.07476807 490.1018 -617 -616 616
0.000901948 0.003670112 0.9999928 0.2833912 0.958997 -0.003775257 -0.9590039 0.2833925 -0.0001751121 -2082.721 -2000.748 5.405192 489.6372 10.27197 0.9194336 491.5838 165 166 -166
-0.002637436 0.002881997 0.9999924 -0.5614039 0.8275328 -0.003865644 -0.8275377 -0.5614098 -0.0005646 -2079.597 -1990.122 5.552761 489.4699 7.104401 0.6507568 490.823 169 170 -170
0.001653388 0.003541893 0.9999924 0.3943105 0.918969 -0.003906868 -0.9189758 0.394314 0.0001228063 -2083.276 -2001.546 5.022384 489.9773 7.240723 0.4703979 490.9716 167 168 -168
-0.0006013223 0.003928232 0.9999921 -0.07185309 0.9974074 -0.003961285 -0.9974151 -0.0718549 -0.0003175078 -2079.521 -1994.626 5.163692 489.8556 3.882568 0.1560059 490.183 -623 -622 622
0.00235772 0.003213677 0.999992 0.5455899 0.8380429 -0.003979579 -0.838049 0.5455949 0.0002225207 -2083.964 -2001.263 5.116278 489.9031 3.900146 0.1085205 490.1357 -619 -618 618
0.0009480802 0.003868081 0.999992 0.2264555 0.9740133 -0.003982292 -0.9740209 0.2264574 4.74946e-05 -2081.031 -1998.379 5.031624 489.9878 3.900635 0.02386475 490.051 -621 -620 620
-0.002071095 0.00340813 0.9999921 -0.4463924 0.8948285 -0.003974245 -0.8948349 -0.4463971 -0.0003319114 -2079.381 -1990.582 5.17058 489.8488 3.894836 0.1628418 490.19 -593 -592 592
-0.003203445 0.002357735 0.9999921 -0.6788444 0.7342718 -0.00390589 -0.7342752 -0.6788515 -0.0007516646 -2080.982 -1986.905 5.376125 489.643 3.827881 0.3686523 490.3953 -595 -594 594
-0.000455102 0.0007447494 0.9999996 -0.471759 0.8817271 -0.0008713646 -0.8817275 -0.4717592 -4.993353e-05 -2190.188 -1712.792 5.672686 489.3348 7.805298 9.251221 507.8995 173 174 -174
0.001963103 -0.003233761 0.9999928 -0.4621488 0.8867943 0.003774954 -0.8868002 -0.462153 0.0002463901 -2198.318 -1718.284 5.452168 489.5516 10.13757 0.9890137 491.6346 197 198 -198
0.001690941 0.002307924 0.9999959 0.6536765 0.7567688 -0.002851905 -0.7567723 0.6536787 -0.0002289843 -2192.979 -1719.844 6.003454 489.0458 16.19995 4.383667 498.0814 175 176 -176
-0.00295595 -0.001076184 0.9999951 0.9601976 0.279304 0.003138895 -0.279306 0.9602021 0.0002077408 -2201.739 -1706.131 5.79974 489.1933 15.83447 3.384186 496.2179 187 188 -188
0.003391955 0.001231902 0.9999934 0.9513938 0.3079558 -0.00360648 -0.3079582 0.9513997 -0.0001274521 -2196.702 -1720.69 5.469149 489.581 12.97192 1.589355 492.9315 177 178 -178
-0.0005748464 0.003738848 0.9999928 -0.1042873 0.99454 -0.00377841 -0.9945471 -0.1042887 -0.0001817936 -2182.61 -1715.538 5.412806 489.6297 10.26941 0.9222412 491.5818 183 184 -184
0.003898776 -0.00017341 0.9999924 0.9943753 -0.1058422 -0.003895231 0.1058421 0.9943829 -0.0002402204 -2197.898 -1719.404 5.341623 489.69 7.136597 0.4970703 490.7361 179 180 -180
0.002880434 0.002637503 0.9999924 0.7657847 0.6430852 -0.003901961 -0.6430907 0.7657901 -0.0001673946 -2189.828 -1720.862 5.282772 489.7491 7.212158 0.4594727 490.7212 181 182 -182
0.003867307 -0.0009480926 0.9999921 0.9614646 -0.2748998 -0.003978941 0.2749014 0.9614724 -0.0001515647 -2198.354 -1718.875 5.08173 489.9377 3.899658 0.07397461 490.1012 -581 -580 580
0.003928162 0.0006013506 0.9999921 0.9530221 0.3028754 -0.003925791 -0.3028753 0.95303 0.0006166431 -2194.522 -1720.922 5.30943 489.7097 3.847656 0.3018799 490.3286 -583 -582 582
0.003406582 0.002071129 0.9999921 0.8497437 0.5271809 -0.003986613 -0.527185 0.8497506 3.595557e-05 -2190.5 -1720.78 5.025731 489.9937 3.908447 0.01794434 490.0452 -585 -584 584
0.002356919 0.003203491 0.9999921 0.5506391 0.834734 -0.003971906 -0.83474 0.5506441 0.0002034331 -2186.571 -1719.344 5.107339 489.912 3.893066 0.09960938 490.1267 -587 -586 586
0.0001702621 0.003904242 0.9999924 0.05067792 0.9987074 -0.003907854 -0.998715 0.0506782 -2.781687e-05 -2182.929 -1716.304 5.124342 489.9085 7.450806 0.3925781 490.7503 185 186 -186
-0.002060158 0.003408101 0.9999921 -0.4937192 0.8696123 -0.003980897 -0.869619 -0.4937235 -0.0001088938 -2181.897 -1708.626 5.061473 489.9579 3.901733 0.05371094 490.0809 -561 -560 560
0.0009386792 0.003868051 0.9999921 0.07231286 0.9973742 -0.003925805 -0.9973815 0.07231598 0.0006565046 -2183.328 -1716.497 5.329449 489.6835 3.84021 0.3218994 490.3423 -589 -588 588
-0.0006029125 0.003938362 0.9999921 -0.226908 0.9739081 -0.00397244 -0.973916 -0.2269086 0.0003064645 -2181.828 -1712.685 5.158365 489.861 3.893066 0.1506348 490.1778 -591 -590 590
-0.003674243 0.0008977792 0.9999928 0.9560131 -0.2932996 0.003775969 0.293301 0.9560202 0.0002193655 -2193.6 -1700.473 5.419876 489.5839 10.19348 0.9592285 491.6084 189 190 -190
-0.002233931 -0.003049351 0.9999928 0.6170568 0.7869095 0.003778053 -0.7869154 0.6170609 0.000123721 -2201.835 -1707.884 5.296659 489.7069 10.4043 0.8633423 491.5441 193 194 -194
-0.003541068 0.001647151 0.9999924 0.8926575 -0.4507187 0.003903392 0.4507217 0.8926646 0.000125684 -2189.888 -1700.775 5.21734 489.7864 7.257202 0.4390869 490.7184 191 192 -192
-0.003937553 -0.0006021032 0.9999921 0.9956467 0.09312277 0.003976513 -0.09312443 0.9956545 0.0002328062 -2193.759 -1700.542 5.10621 489.895 3.895264 0.1139526 490.1384 -567 -566 566
-0.003215945 0.002346001 0.9999921 0.7175306 -0.6965158 0.003941597 0.6965195 0.7175376 0.000556629 -2186.266 -1702.244 5.264359 489.7397 3.862305 0.2719727 490.2988 -563 -562 562
-0.003868856 0.0009480501 0.999992 0.9981394 -0.06084661 0.003919374 0.06084984 0.9981465 -0.0007108793 -2189.942 -1701.172 5.341308 489.6582 3.834961 0.3488159 490.3708 -565 -564 564
-0.002878803 -0.002638215 0.9999924 0.7780505 0.6281896 0.003897183 -0.628195 0.7780558 0.0002442307 -2200.222 -1704.442 5.315693 489.6881 7.140381 0.4959717 490.7321 195 196 -196
-0.0009464946 -0.003867325 0.9999921 0.1282792 0.9917302 0.00395679 -0.9917377 0.1282819 -0.00044257 -2201.57 -1708.044 5.210278 489.7937 3.872925 0.2179565 490.2449 -573 -572 572
-0.003397134 -0.002071108 0.9999921 0.784528 0.6200809 0.003949432 -0.6200842 0.7845352 -0.0004816559 -2197.2 -1702.151 5.228498 489.7755 3.871582 0.236145 490.2631 -569 -568 568
-0.002358495 -0.003204252 0.9999921 0.6471788 0.7623279 0.00396909 -0.7623346 0.647183 0.0002757766 -2200.268 -1704.463 5.127845 489.876 3.888672 0.1355591 490.1626 -571 -570 570
0.001337081 -0.003669172 0.9999924 -0.3371021 0.94146 0.003905141 -0.941467 -0.3371048 2.19231e-05 -2200.654 -1715.427 5.082928 489.9139 7.467773 0.3895264 490.7499 199 200 -200
0.003212862 -0.002357715 0.999992 0.8010179 -0.598627 -0.003984984 0.5986317 0.8010244 -3.473414e-05 -2201.193 -1715.93 5.025465 489.9925 3.904419 0.0177002 490.0435 -579 -578 578
0.000612308 -0.003937561 0.9999921 -0.367671 0.9299478 0.003886885 -0.9299557 -0.3676705 -0.0008783127 -2201.552 -1711.677 5.42316 489.5739 3.802979 0.430542 490.4497 -575 -574 574
0.002061716 -0.003398704 0.9999921 -0.5285086 0.8489186 0.003974889 -0.8489254 -0.5285126 -4.601514e-05 -2200.621 -1715.422 5.014844 489.989 3.892059 0.02258301 490.0496 -577 -576 576
2.344913e-06 7.81662e-07 1 -5.862466e-08 1 -7.816619e-07 -1 -5.862282e-08 2.344913e-06 -1807.741 -1890.09 5.000023 489.9753 0.8549805 9.99054 509.9571 203 204 -204
-7.816424e-07 1.56331e-06 1 0.5257312 0.8506507 -9.188965e-07 -0.8506507 0.5257312 -1.486785e-06 -1910.964 -1608.74 5.000015 490 2.337891 9.928467 509.8625 233 234 -234
0.0004116952 -0.001129979 0.9999993 -0.2610279 0.9653305 0.001198268 -0.9653312 -0.2610283 0.0001024659 -1807.381 -1895.626 5.932801 489.0685 9.650513 8.804199 506.7721 205 206 -206
-0.00123423 0.003391217 0.9999935 -0.287811 0.9576805 -0.00360295 -0.9576865 -0.2878135 -0.0002059683 -1797.67 -1893.926 5.597389 489.4519 12.69226 1.664062 492.9445 227 228 -228
-0.002317281 -0.002123313 0.9999951 0.7814667 0.6239391 0.003135711 -0.6239427 0.7814702 0.0002134556 -1818.123 -1889.38 5.812501 489.1907 15.79614 3.392395 496.2304 207 208 -208
0.003140317 -0.0001397071 0.9999951 0.9953887 -0.09587167 -0.003139245 0.09587163 0.9953936 -0.0001620045 -1816.574 -1895.574 5.749214 489.3043 16.11328 3.322144 496.2139 217 218 -218
-0.003735672 -0.0005737693 0.9999928 0.9976628 0.0682252 0.003766114 -0.06822687 0.9976698 0.0003175613 -1812.744 -1880.94 5.532364 489.4715 10.01526 1.061646 491.6972 209 210 -210
-0.000898824 -0.003671119 0.9999928 0.2986367 0.9543594 0.003772015 -0.9543664 0.298638 0.0002385297 -1817.64 -1890.979 5.444202 489.5595 10.14209 0.9848022 491.6342 213 214 -214
-0.003898752 0.00017341 0.9999924 0.9937009 -0.1119971 0.003893644 0.1119969 0.9937085 0.000264331 -1809.194 -1879.829 5.331967 489.6719 7.121216 0.5087891 490.7412 211 212 -212
-0.003408075 -0.002071061 0.9999921 0.9065306 0.4221216 0.003963795 -0.4221265 0.9065369 0.0004388578 -1812.922 -1881.071 5.207448 489.7965 3.884766 0.2151489 490.2422 -633 -632 632
-0.003868057 0.0009480683 0.999992 0.9804001 -0.1969764 0.003979022 0.1969786 0.9804077 -0.0001675703 -1805.431 -1880.205 5.074763 489.9291 3.898926 0.08251953 490.1096 -629 -628 628
-0.003928179 -0.0006012941 0.9999921 0.9987595 -0.04964255 0.003893487 0.04963982 0.998767 0.000795553 -1809.218 -1879.566 5.382704 489.6215 3.815918 0.3901367 490.4166 -631 -630 630
-0.001647942 -0.003536382 0.9999924 0.4716384 0.8817835 0.003895585 -0.8817905 0.4716412 0.0002147657 -1817.353 -1887.248 5.295397 489.7084 7.150635 0.4881592 490.7369 215 216 -216
0.0006021241 -0.003938362 0.9999921 -0.1796852 0.9837161 0.003982455 -0.983724 -0.1796861 -0.0001153461 -1817.379 -1891.13 5.048868 489.955 3.903198 0.05664062 490.0839 -639 -638 638
-0.00235768 -0.003203436 0.9999921 0.6252782 0.7803918 0.003974172 -0.7803984 0.6252826 0.0001631242 -1815.718 -1883.8 5.072581 489.9313 3.894775 0.08032227 490.1074 -635 -634 634
-0.0009379467 -0.003868111 0.9999921 0.2755632 0.9612747 0.003976813 -0.9612824 0.2755647 0.0001642847 -1817.347 -1887.291 5.072277 489.9294 3.894531 0.08001709 490.1049 -637 -636 636
0.003048297 -0.002233941 0.9999928 0.774717 -0.6322968 -0.003774108 0.6323007 0.774723 -0.0001967563 -1818.192 -1892.81 5.432804 489.6095 10.22737 0.9428711 491.602 219 220 -220
0.003232654 0.001959939 0.9999928 0.8914148 0.4531727 -0.003769853 -0.4531769 0.8914205 -0.0002821677 -1808.775 -1900.318 5.531201 489.5049 10.06567 1.026398 491.6612 223 224 -224
0.002637449 -0.002877225 0.9999924 -0.6655386 0.7463533 0.00390278 -0.7463588 -0.6655439 5.35642e-05 -1813.568 -1897.574 5.137246 489.8665 7.376358 0.4101562 490.7424 221 222 -222
0.003867283 -0.0009480984 0.9999921 0.9396601 -0.3420867 -0.003958295 0.3420877 0.9396679 -0.0004320558 -1813.785 -1898.05 5.218951 489.8004 3.872192 0.2113037 490.2383 -645 -644 644
0.002060935 -0.003408096 0.9999921 -0.4725763 0.8812808 0.00397747 -0.8812873 -0.4725808 0.0002056768 -1816.22 -1894.785 5.093212 489.9072 3.894592 0.1009521 490.1245 -641 -640 640
0.003214404 -0.002345986 0.9999921 0.8005224 -0.5992895 -0.003979159 0.5992941 0.8005289 -4.834356e-05 -1816.681 -1895.242 5.031191 489.9882 3.900146 0.0234375 490.0506 -643 -642 642
