NUM_BV: 319 NUM_TRI: 160
1 -5.10772e-06 -1.701524e-07 5.107781e-06 0.9999999 0.0003661478 1.682822e-07 -0.0003661478 0.9999999 0.3023587 0.02224038 4.990859 49.39502 49.95578 5.009146 80.27104 1 2 -2
3.637465e-07 0.9999908 0.004303183 1 -3.645611e-07 1.885083e-07 1.900753e-07 0.004303183 -0.9999908 1.042307 0.04226238 4.892597 49.91595 24.96435 5.107446 66.02547 3 4 -4
1.257278e-06 0.9999918 -0.004043418 1 -1.255048e-06 5.542136e-07 5.491343e-07 -0.004043418 -0.9999918 26.00659 0.04090032 5.100921 49.91861 22.98338 5.100963 65.15739 161 162 -162
0.7210588 -0.6925868 -0.01994013 0.6927245 0.7212023 -2.45465e-08 0.01438088 -0.013813 0.9998011 -3.907616 20.77749 5.357461 35.85355 21.14059 5.358527 52.33918 5 6 -6
0.7210598 0.6925858 0.0199403 -0.6927236 0.7212032 1.950803e-07 -0.01438087 -0.01381325 0.9998012 10.73696 13.97587 4.642532 35.85355 21.14058 5.358531 52.33918 83 84 -84
0.9199795 0.3919666 5.111545e-08 -0.3713617 0.8716179 0.3199577 0.1254127 -0.2943545 0.9474319 6.694582 9.28724 2.541365 16.71178 15.36851 7.872478 38.44902 7 8 -8
0.3546055 0.935016 3.333616e-08 0.8858647 -0.3359648 -0.3199553 -0.2991633 0.1134579 -0.9474327 10.03704 6.076747 7.458626 16.71182 15.36855 7.872459 38.44904 45 46 -46
-0.3760301 0.8825759 0.282243 0.1106298 -0.2596578 0.959343 0.9199796 0.3919664 -1.490116e-08 6.187375 8.029212 -5.303481 21.6207 15.12167 0.9597251 28.30353 9 10 -10
0.9199795 0.3919664 3.000838e-08 -1.893913e-06 4.368621e-06 1 0.3919664 -0.9199795 4.761392e-06 3.840952 15.98495 4.665778e-05 13.2003 9.999907 9.799188 36.15875 27 28 -28
-0.1744692 0.264123 0.9485776 -0.5337932 0.784144 -0.316517 -0.8274209 -0.5615668 0.004178062 8.96814 4.895326 1.277468 12.83332 10.89666 0.4520421 17.7395 11 12 -12
-0.06962712 0.3087929 0.9485774 -0.1957539 0.9281686 -0.3165177 -0.9781781 -0.207726 -0.004178304 2.421417 13.28802 -0.001888217 12.83332 10.89665 0.4520462 17.7395 19 20 -20
-0.1613223 0.2167562 0.9628042 -0.5651408 0.7794986 -0.2701806 -0.8090678 -0.5877061 -0.0032527 7.524656 6.855724 -0.0006319769 11.62672 7.537776 0.1943398 14.24504 13 14 -14
-0.2206852 0.3399835 0.9141713 -0.5066681 0.7609307 -0.4053048 -0.833418 -0.5526263 0.004332617 9.30181 4.191054 1.818844 13.63097 10.69335 0.4091182 18.1431 15 16 -16
-0.147155 0.1661036 0.9750667 -0.6465912 0.7298458 -0.2219121 -0.7485088 -0.663125 6.407499e-07 7.681897 6.969945 4.668254e-08 10.64348 3.923012 6.67572e-06 11.34346 -33 -32 32
-0.1186046 0.1875578 0.9750667 -0.5211413 0.8241157 -0.2219121 -0.8451891 -0.5344673 2.086163e-07 5.013934 9.981445 -2.088354e-07 10.64349 3.923009 2.384186e-06 11.34346 -35 -34 34
-0.1633157 0.2152579 0.9628043 -0.5914926 0.7596968 -0.2701803 -0.7895977 -0.6136162 0.003253073 9.067501 5.033509 0.8429455 11.62671 7.537768 0.194344 14.24503 17 18 -18
-0.08698212 0.2041552 0.9750665 -0.3821902 0.8970426 -0.2219126 -0.9199808 -0.3919633 -5.662441e-07 3.711726 11.39127 0.4924592 10.64349 3.923013 7.152557e-06 11.34346 -36 -35 35
-0.147155 0.1661036 0.9750667 -0.6465898 0.7298471 -0.2219122 -0.7485099 -0.6631236 2.682209e-07 9.116753 5.350321 0.4924528 10.64349 3.923012 2.861023e-06 11.34346 -32 -31 31
-0.1186045 0.1875573 0.9750668 -0.5211428 0.8241149 -0.2219116 -0.8451882 -0.5344687 3.874302e-07 6.170409 8.152638 0.4924529 10.64349 3.923014 5.722046e-06 11.34346 -34 -33 33
-0.0923232 0.3946743 0.914171 -0.1978042 0.892525 -0.4053055 -0.9758841 -0.218246 -0.004332535 2.491617 13.16958 0.05458736 13.63054 10.69336 0.409116 18.14277 21 22 -22
-0.04457336 0.2664982 0.9628042 -0.1706906 0.9475585 -0.2701805 -0.984316 -0.1763845 0.003252868 1.613575 14.72474 0.8429429 11.62657 7.537624 0.1943418 14.24483 25 26 -26
-0.08698217 0.2041546 0.9750667 -0.3821931 0.8970415 -0.2219121 -0.9199796 -0.3919661 -1.564622e-07 2.863598 13.38192 2.792026e-07 10.64349 3.923013 7.152557e-07 11.34346 -37 -36 36
-0.04211206 0.2668982 0.9628042 -0.1381553 0.9528461 -0.2701805 -0.9895149 -0.1443943 -0.003252912 1.094285 17.05523 -0.0006319061 11.62671 7.537775 0.1943419 14.24504 23 24 -24
-0.05310699 0.215464 0.9750666 -0.2333467 0.9467334 -0.2219124 -0.9709423 -0.2393137 -3.241003e-07 1.286586 17.0833 -1.774737e-07 10.64349 3.923015 2.861023e-06 11.34346 -39 -38 38
-0.0178566 0.2211935 0.9750664 -0.07845829 0.9719048 -0.2219131 -0.9967574 -0.08046466 -4.563481e-07 0.32374 20.98972 -5.125121e-07 10.64349 3.92301 4.649162e-06 11.34346 -41 -40 40
-0.05310699 0.2154638 0.9750667 -0.2333485 0.9467331 -0.2219122 -0.9709419 -0.2393154 2.235174e-08 1.804418 14.98238 0.4924499 10.64349 3.923015 4.768372e-07 11.34346 -38 -37 37
-0.01785661 0.2211931 0.9750665 -0.07845951 0.9719047 -0.2219127 -0.9967573 -0.08046585 -2.179295e-07 0.4978564 18.83294 0.4924545 10.64349 3.92301 2.384186e-06 11.34346 -40 -39 39
0.9199796 0.3919663 0 0 0 1 0.3919663 -0.9199796 0 2.668837 15.48558 0 18.29065 10 5.982892 32.8116 29 30 -30
0.9199795 0.3919665 4.010441e-08 -0.3919665 0.9199795 4.941253e-07 1.567853e-07 -4.703047e-07 1 6.513143 6.471986 4.999995 24.26371 19.59832 5.000005 41.19011 39 40 -40
0.9199794 0.3919667 3.5289e-08 -1.969439e-07 3.722135e-07 1 0.3919667 -0.9199794 4.196242e-07 2.075094 15.23261 8.441443e-07 22.90727 9.999998 2.011666 29.01819 31 32 -32
0.9199795 0.3919666 -4.272972e-08 -2.736925e-08 1.732517e-07 1 0.3919666 -0.9199795 1.701158e-07 2.668839 15.48558 1.017785e-06 18.29066 9.999998 5.982892 32.8116 33 34 -34
0.9199794 0.3919667 5.779118e-08 -0.3919667 0.9199794 6.93771e-06 2.666184e-06 -6.405203e-06 1 2.863597 13.38192 9.999987 24.91892 4.023325 1.382828e-05 25.24165 -97 -96 96
0.9199794 0.3919667 0 -0.3919667 0.9199794 0 0 -0 1 2.863599 13.38192 0 24.91893 4.023329 0 25.24164 -144 -143 143
0.9199795 0.3919666 -9.415187e-08 -0.2142291 0.5028144 0.8374268 0.3282434 -0.7704154 0.5465495 4.752854 12.69542 -0.1846118 23.44994 12.58027 2.732748 32.07683 35 36 -36
0.9199795 0.3919665 -6.472942e-08 0.2142292 -0.5028145 0.8374267 0.3282432 -0.7704154 -0.5465497 2.100219 18.92139 -0.1846037 23.44994 12.58026 2.732749 32.07682 37 38 -38
0.9709418 0.2393155 -1.068618e-07 -0.2393155 0.9709418 -6.419754e-06 -1.43259e-06 6.258781e-06 0.9999999 1.28659 17.0833 10.00001 24.91892 4.023331 1.335144e-05 25.24165 -102 -101 101
0.8451901 0.5344658 0 -0.5344658 0.8451901 0 0 -0 1 5.01393 9.981443 0 24.91893 4.023328 0 25.24164 -143 -142 142
0.8451902 0.5344657 -6.230702e-08 -0.5344657 0.8451902 2.015238e-06 1.129737e-06 -1.669958e-06 1 5.01393 9.981441 9.999996 24.91893 4.023328 4.291534e-06 25.24165 -98 -97 97
0.9709418 0.2393157 0 -0.2393157 0.9709418 0 0 -0 0.9999999 1.286589 17.0833 0 24.91893 4.023331 0 25.24164 -145 -144 144
0.9967573 0.08046659 -1.519022e-08 -2.218118e-08 4.635398e-07 1 0.08046659 -0.9967573 4.638216e-07 0.1618719 22.99486 9.330533e-07 22.90727 9.999998 2.011665 29.01819 41 42 -42
0.7485108 0.6631225 -3.843786e-09 -2.106084e-07 2.435243e-07 1 0.6631225 -0.7485108 3.219397e-07 6.347912 8.475691 3.947541e-07 22.90726 9.999999 2.011665 29.01819 43 44 -44
0.9967573 0.08046659 -2.487632e-08 -0.08046659 0.9967573 7.66821e-06 6.418304e-07 -7.641343e-06 1 0.3237436 20.98972 9.999985 24.91892 4.023327 1.525879e-05 25.24166 -101 -100 100
0.9967573 0.08046659 0 -0.08046659 0.9967573 0 0 -0 1 0.3237435 20.98972 0 24.91893 4.023327 0 25.24164 -140 -139 139
0.7485108 0.6631225 -6.29479e-09 -0.6631225 0.7485108 5.32265e-06 3.534281e-06 -3.979887e-06 1 7.68189 6.96994 9.99999 24.91892 4.023327 1.049042e-05 25.24165 -99 -98 98
0.7485108 0.6631225 0 -0.6631225 0.7485108 0 0 -0 1 7.68189 6.96994 0 24.91893 4.023327 0 25.24164 -148 -147 147
0.8970008 -0.3401879 -0.2822442 0.2639028 -0.1000854 0.9593426 -0.3546053 -0.9350162 -1.266599e-07 4.814207 7.031093 0.7993542 21.61859 15.121 0.9597259 28.30141 47 48 -48
0.3546049 0.9350162 3.579174e-08 -8.707e-07 2.919337e-07 1 0.9350162 -0.3546049 9.176397e-07 16.84427 3.495107 0.003913557 13.20031 9.996078 9.799171 36.15642 65 66 -66
-0.2709342 0.1636926 0.9485776 0.8050014 -0.5017863 0.3165172 0.5277948 0.8493617 0.0041783 9.034157 6.070891 -3.450869 12.83332 10.89666 0.4520464 17.73951 49 50 -50
-0.3113449 0.0571368 0.9485778 0.9352983 -0.1582224 0.3165166 0.168171 0.985749 -0.004178215 18.20226 1.234883 -2.171504 12.83331 10.89665 0.4520454 17.7395 57 58 -58
-0.3485945 0.2068167 0.914171 0.7807152 -0.4756169 0.4053054 0.5186191 0.8549944 0.004332498 9.591707 5.657536 -4.279895 13.63098 10.69336 0.4091177 18.14312 51 52 -52
-0.2230766 0.1524636 0.9628041 0.8016233 -0.5332938 0.2701809 0.5546502 0.8320773 -0.003252998 10.16775 5.03558 -1.193615 11.62671 7.537772 0.1943445 14.24504 55 56 -56
-0.2074917 0.07869127 0.9750666 0.9117021 -0.3457661 0.2219124 0.3546076 0.9350153 6.109476e-07 14.46795 2.343488 -0.870565 10.64349 3.923014 5.960464e-06 11.34346 -27 -26 26
-0.2216601 0.1545159 0.9628041 0.7828983 -0.5604216 0.270181 0.5813235 0.813666 0.003252931 8.268403 6.47994 -2.037196 11.62672 7.537774 0.1943436 14.24504 53 54 -54
-0.1921822 0.1109562 0.9750665 0.8444339 -0.4875306 0.2219128 0.4999974 0.8660269 -5.364418e-07 10.96996 4.326336 -0.870566 10.64349 3.923018 5.245209e-06 11.34346 -29 -28 28
-0.1718942 0.1403472 0.9750667 0.7552921 -0.6166757 0.2219121 0.6324446 0.7746056 -1.788139e-07 7.83536 6.844632 -0.870563 10.64349 3.923012 2.384186e-06 11.34345 -31 -30 30
-0.192182 0.1109562 0.9750665 0.8444311 -0.4875356 0.2219126 0.5000022 0.8660241 7.003546e-07 12.84387 3.24445 -0.3781094 10.64349 3.923017 6.198883e-06 11.34346 -28 -27 27
-0.1718941 0.1403473 0.9750667 0.7552915 -0.6166764 0.221912 0.6324453 0.7746049 -5.960464e-08 9.511444 5.476154 -0.3781132 10.64349 3.923012 9.536743e-07 11.34345 -30 -29 29
-0.2680757 0.03380636 0.9628045 0.9536632 -0.1323998 0.2701793 0.1366089 0.9906197 0.003253277 18.79158 0.8257544 -2.03703 11.62654 7.537605 0.194347 14.24481 59 60 -60
-0.3980714 0.0763564 0.9141711 0.8997662 -0.1617049 0.4053053 0.1787736 0.9838808 -0.004332826 19.51144 0.9927254 -2.51522 13.63053 10.69334 0.4091203 18.14276 61 62 -62
-0.221732 0.008935499 0.9750667 0.9742759 -0.03926277 0.221912 0.04026671 0.999189 1.713634e-07 22.18455 0.1743019 -0.8705648 10.64349 3.923019 1.728535e-06 11.34346 -23 -22 22
-0.2174268 0.04438812 0.9750668 0.9553612 -0.1950393 0.2219115 0.2000266 0.9797905 8.195639e-08 18.2387 0.947417 -0.8705598 10.64349 3.923004 7.152557e-07 11.34345 -25 -24 24
-0.2683773 0.03133097 0.9628043 0.9576364 -0.09967505 0.2701803 0.1044326 0.9945267 -0.003253158 21.14462 0.4294896 -1.193612 11.62671 7.537766 0.1943451 14.24503 63 64 -64
-0.2074917 0.0786912 0.9750666 0.9117023 -0.3457654 0.2219124 0.3546069 0.9350155 5.140901e-07 16.49113 1.576196 -0.3781107 10.64349 3.923016 4.529953e-06 11.34346 -26 -25 25
-0.2217328 0.008935501 0.9750665 0.9742758 -0.03926082 0.2219128 0.04026481 0.9991891 -2.300367e-07 24.34659 0.08717102 -0.3781135 10.64349 3.923019 2.145767e-06 11.34346 -22 -21 21
-0.2174265 0.04438812 0.9750668 0.9553612 -0.195039 0.2219113 0.2000263 0.9797904 -2.607703e-08 20.35875 0.5146029 -0.3781129 10.64349 3.923004 2.384186e-07 11.34345 -24 -23 23
0.3546045 0.9350164 -1.480985e-08 -8.462009e-07 3.367605e-07 1 0.9350164 -0.3546045 9.106284e-07 16.39248 2.303837 5.448195e-06 18.29066 9.999989 5.982896 32.8116 67 68 -68
0.3546047 0.9350163 0 0.9350163 -0.3546047 0 0 0 -1 7.230102 5.778669 5 24.27355 19.59834 5 41.19775 77 78 -78
0.3546047 0.9350163 -3.19253e-08 -3.874476e-07 1.810835e-07 1 0.9350163 -0.3546047 4.264829e-07 16.16363 1.700392 1.50053e-08 22.90726 10 2.011668 29.01819 69 70 -70
0.3546049 0.9350163 4.342811e-08 -1.592987e-07 1.396765e-08 1 0.9350163 -0.3546049 1.538999e-07 16.39248 2.303841 0.001953034 18.29066 9.998046 5.982893 32.81067 71 72 -72
0.3546047 0.9350163 -5.228259e-08 0.9350163 -0.3546047 -7.051149e-06 -6.611479e-06 2.451485e-06 -0.9999999 14.28269 2.413738 10.00001 24.91891 4.023328 1.382828e-05 25.24165 -96 -95 95
0.3546047 0.9350163 0 0.9350163 -0.3546047 0 0 0 -1 14.28269 2.413739 0 24.91893 4.023333 0 25.24164 -151 -150 150
0.2000256 0.9797907 -4.410559e-08 5.351843e-08 3.408947e-08 1 0.9797907 -0.2000256 -4.561809e-08 20.01557 0.5846608 9.176819e-08 22.90728 10 2.011659 29.01818 73 74 -74
0.5000001 0.8660254 0 0 0 1 0.8660254 -0.5000001 0 12.54054 3.419574 0 22.90726 10 2.011667 29.01818 75 76 -76
0.2000255 0.9797907 -7.222969e-08 0.9797907 -0.2000255 7.542239e-07 7.245338e-07 -2.21634e-07 -1 18.04457 0.9870442 9.999998 24.91893 4.023315 1.907349e-06 25.24164 -91 -90 90
0.2000257 0.9797906 0 0.9797906 -0.2000257 0 0 0 -0.9999999 18.04457 0.9870448 0 24.91893 4.023319 0 25.24164 -150 -149 149
0.5 0.8660254 0 0.8660254 -0.5 0 0 0 -1 10.79838 4.425405 0 24.91893 4.023334 0 25.24164 -146 -145 145
0.5000001 0.8660254 0 0.8660254 -0.5000001 0 0 0 -1 10.79838 4.425405 10 24.91893 4.023334 0 25.24164 -95 -94 94
0.04026598 0.999189 -3.625172e-09 -4.552374e-07 2.197357e-08 1 0.999189 -0.04026598 4.55753e-07 23.99662 0.1012762 9.168252e-07 22.90726 9.997929 2.011668 29.01736 79 80 -80
0.6324455 0.7746049 -3.48691e-08 1.337792e-07 -6.421205e-08 1 0.7746049 -0.6324455 -1.442367e-07 9.240135 5.697673 2.901557e-07 22.90727 10 2.011664 29.01819 81 82 -82
0.04026598 0.999189 -5.936777e-09 0.999189 -0.04026598 -7.535121e-06 -7.529249e-06 2.97477e-07 -1 21.98658 0.182278 10.00002 24.91892 4.023329 1.478195e-05 25.24165 -92 -91 91
0.04026598 0.999189 0 0.999189 -0.04026598 0 0 0 -1 21.98658 0.182278 0 24.91893 4.023333 0 25.24164 -149 -148 148
0.6324455 0.7746049 -5.710351e-08 0.7746049 -0.6324455 2.384679e-06 1.811069e-06 -1.552412e-06 -1 7.681891 6.969941 9.999994 24.91893 4.023327 4.768372e-06 25.24165 -94 -93 93
0.6324455 0.7746049 0 0.7746049 -0.6324455 0 0 0 -1 7.681891 6.96994 0 24.91893 4.023327 0 25.24164 -147 -146 146
0.9199791 -0.3919674 6.778351e-08 0.3713634 0.8716199 0.3199499 -0.12541 -0.2943472 0.9474345 0.9872631 27.31723 2.541404 16.71189 15.36863 7.872414 38.44906 85 86 -86
-0.3546052 0.9350161 -3.244722e-07 0.885864 0.3359644 0.3199575 0.2991655 0.1134583 -0.9474319 15.96315 28.29747 2.541371 16.71179 15.36851 7.872476 38.44903 123 124 -124
0.3760305 0.8825755 0.2822439 -0.1106303 -0.2596585 0.9593427 0.9199793 -0.3919668 7.450581e-08 -0.2708664 26.81273 -5.302801 21.61904 15.12136 0.9597254 28.30198 87 88 -88
0.9199797 -0.391966 7.043233e-08 7.303602e-07 1.893911e-06 1 -0.391966 -0.9199797 2.028636e-06 3.840946 34.01501 1.987897e-05 13.20031 9.995177 9.799174 36.15588 105 106 -106
0.06962725 0.3087946 0.9485768 0.1957528 0.9281682 -0.3165196 -0.9781784 0.2077249 0.004178379 -0.6051836 22.63521 1.277491 12.83333 10.89664 0.4520502 17.73951 89 90 -90
0.1744696 0.2641247 0.9485771 0.5337888 0.7841464 -0.3165187 -0.8274237 0.5615627 -0.004177064 0.9125729 33.17054 -0.001889177 12.83336 10.89667 0.4520235 17.7395 97 98 -98
0.04457348 0.2665012 0.9628034 0.1706852 0.9475587 -0.2701834 -0.9843169 0.1763793 -0.003251802 -0.1912832 25.03428 -0.0006312411 11.62675 7.53779 0.1943312 14.24506 91 92 -92
0.09232276 0.3946691 0.9141732 0.1978072 0.8925266 -0.4053004 -0.9758835 0.2182485 0.004332148 -0.8820114 21.90671 1.818797 13.63096 10.69336 0.409106 18.14308 93 94 -94
0.0178566 0.2211931 0.9750665 0.0784594 0.9719047 -0.2219127 -0.9967573 0.08046574 2.346933e-07 2.384186e-06 25 -4.718515e-09 10.64349 3.923012 2.622604e-06 11.34346 -43 -42 42
0.05310701 0.2154652 0.9750664 0.2333363 0.9467357 -0.2219135 -0.9709448 0.2393035 2.454966e-06 0.3237691 29.01027 5.356414e-07 10.64347 3.923008 2.455711e-05 11.34348 -45 -44 44
0.04211206 0.2668981 0.9628043 0.1381563 0.952846 -0.2701804 -0.9895148 0.1443953 0.003252648 -0.4367297 22.65928 0.842939 11.62657 7.537626 0.1943399 14.24483 95 96 -96
0.08698213 0.2041552 0.9750665 0.3821902 0.8970426 -0.2219126 -0.9199808 0.3919633 5.662441e-07 0.4384632 30.92605 0.4924583 10.64349 3.923014 6.198883e-06 11.34346 -46 -45 45
0.01785659 0.2211914 0.975067 0.07846187 0.971905 -0.221911 -0.9967572 0.08046816 -1.788139e-07 -0.1741161 22.84324 0.492447 10.64349 3.923014 2.384186e-06 11.34346 -42 -41 41
0.05310699 0.2154641 0.9750666 0.2333504 0.9467325 -0.2219124 -0.9709414 0.2393173 -5.103648e-07 -0.1940875 26.90936 0.4924554 10.64349 3.923012 4.053116e-06 11.34346 -44 -43 43
0.2206855 0.3399862 0.9141703 0.506664 0.7609321 -0.4053072 -0.8334204 0.5526227 -0.004332051 0.8756618 33.0377 0.05420046 13.63102 10.69342 0.4091034 18.14316 99 100 -100
0.161322 0.2167544 0.9628047 0.5651446 0.7794966 -0.2701789 -0.8090654 0.5877097 0.003252372 1.389069 34.74844 0.8429155 11.62673 7.5378 0.1943321 14.24505 103 104 -104
0.08698216 0.2041555 0.9750665 0.3821796 0.897047 -0.221913 -0.9199852 0.391953 3.002584e-06 1.286615 32.91669 3.755486e-07 10.64347 3.923014 2.95639e-05 11.34349 -47 -46 46
0.1633159 0.2152597 0.9628038 0.5914878 0.7596999 -0.2701818 -0.7896012 0.6136117 -0.003252402 2.710154 36.73732 -0.0006318539 11.62675 7.537785 0.1943331 14.24505 101 102 -102
0.1186045 0.1875567 0.9750669 0.5211554 0.8241071 -0.2219111 -0.8451804 0.5344811 -3.352761e-06 2.863566 36.6181 1.925764e-07 10.64346 3.923016 3.623962e-05 11.34349 -49 -48 48
0.147155 0.1661045 0.9750665 0.646576 0.7298589 -0.2219128 -0.7485217 0.6631103 3.166497e-06 5.013958 40.01854 1.419321e-07 10.64346 3.923012 3.433228e-05 11.34349 -51 -50 50
0.1186045 0.187558 0.9750667 0.52113 0.8241228 -0.2219122 -0.8451961 0.5344563 2.555549e-06 1.707149 34.78926 0.4924726 10.64347 3.923014 2.288818e-05 11.34348 -48 -47 47
0.1471549 0.1661038 0.9750667 0.6465995 0.7298384 -0.2219122 -0.7485016 0.6631331 -3.278255e-06 3.579056 38.39896 0.4924771 10.64346 3.92301 2.861023e-05 11.34348 -50 -49 49
0.9199797 -0.391966 7.621939e-08 -3.567315e-07 -6.428269e-07 1 -0.391966 -0.9199797 -7.312144e-07 2.668839 34.51443 4.37478e-06 18.29065 9.996611 5.982896 32.80998 107 108 -108
0.9199793 -0.3919669 0 0.3919669 0.9199793 0 -0 0 1 -1.172112 25.49939 5 24.27355 19.59833 5 41.19775 117 118 -118
0.9199794 -0.3919668 -3.528901e-08 1.969445e-07 3.722149e-07 1 -0.3919668 -0.9199794 4.196258e-07 2.075091 34.76739 8.441484e-07 22.90727 9.99724 2.011667 29.01709 109 110 -110
0.9199793 -0.3919669 -4.272969e-08 -2.736885e-08 -1.732505e-07 1 -0.3919669 -0.9199793 -1.701146e-07 2.668841 34.51442 1.017777e-06 18.29065 9.996618 5.982892 32.80997 111 112 -112
0.9199794 -0.3919668 -5.779119e-08 0.3919668 0.9199794 6.937494e-06 -2.6661e-06 -6.405004e-06 1 1.286588 32.9167 9.999986 24.91892 4.023327 1.382828e-05 25.24165 -104 -103 103
0.9199794 -0.3919668 0 0.3919668 0.9199794 0 -0 0 1 1.286587 32.9167 0 24.91893 4.023331 0 25.24164 -137 -136 136
0.8451903 -0.5344656 9.623655e-08 -4.934206e-07 -6.002216e-07 1 -0.5344656 -0.8451903 -7.710178e-07 3.938766 38.31833 1.551034e-06 22.90726 9.999997 2.011669 29.01819 113 114 -114
0.9709418 -0.2393157 0 0 0 1 -0.2393157 -0.9709418 0 0.8051662 30.96349 0 22.90727 10 2.011664 29.01819 115 116 -116
0.8451903 -0.5344656 1.576022e-07 0.5344656 0.8451903 -1.274805e-05 6.680191e-06 1.085876e-05 1 2.863601 36.61808 10.00003 24.91891 4.023331 2.574921e-05 25.24167 -103 -102 102
0.8451903 -0.5344656 0 0.5344656 0.8451903 0 -0 0 1 2.8636 36.61808 0 24.91893 4.023331 0 25.24164 -138 -137 137
0.9709418 -0.2393157 0 0.2393157 0.9709418 0 -0 0 1 0.3237433 29.01028 10 24.91893 4.023329 0 25.24164 -105 -104 104
0.9709418 -0.2393157 0 0.2393157 0.9709418 0 -0 0 1 0.3237433 29.01028 0 24.91893 4.023329 0 25.24164 -142 -141 141
0.7485107 -0.6631227 -3.369446e-08 -7.506547e-08 -1.355432e-07 1 -0.6631227 -0.7485107 -1.512331e-07 6.347912 41.52431 -3.042301e-07 22.90727 10 2.011662 29.01818 119 120 -120
0.9967573 -0.08046667 -1.519021e-08 -2.218101e-08 -4.635372e-07 1 -0.08046667 -0.9967573 -4.638189e-07 0.1618721 27.00514 9.330488e-07 22.90727 9.999998 2.011665 29.01819 121 122 -122
0.7485107 -0.6631227 -5.517985e-08 0.6631227 0.7485107 -2.500326e-06 1.699326e-06 1.83493e-06 1 5.013933 40.01856 10.00001 24.91893 4.023319 5.245209e-06 25.24165 -108 -107 107
0.7485107 -0.6631227 0 0.6631227 0.7485107 0 -0 0 1 5.013933 40.01856 0 24.91893 4.023323 0 25.24164 -139 -138 138
0.9967573 -0.08046667 -2.487631e-08 0.08046667 0.9967573 -7.668564e-06 6.418594e-07 7.641695e-06 1 2.198431e-07 25 10.00002 24.91892 4.023327 1.525879e-05 25.24166 -100 -99 99
0.9967573 -0.08046667 0 0.08046667 0.9967573 0 -0 0 1 0 25 0 24.91893 4.023327 0 25.24164 -141 -140 140
-0.3546054 0.935016 -2.714808e-08 4.515221e-06 1.741435e-06 1 0.935016 0.3546054 -4.839326e-06 21.52515 34.1624 0.004830591 13.2003 9.995122 9.799191 36.15587 125 126 -126
0.8970007 0.340189 0.282243 -0.2639017 -0.1000849 0.959343 0.3546062 -0.9350157 2.011657e-07 8.808319 44.48366 -5.302399 21.61369 15.11511 0.959734 28.29404 143 144 -144
-0.3546047 0.9350163 0 0.9350163 0.3546047 0 0 0 -1 15.83762 21.52517 5 24.27355 19.59833 5 41.19775 127 128 -128
-0.3546047 0.9350163 2.172785e-08 -3.811539e-07 -1.677905e-07 1 0.9350163 0.3546047 4.158844e-07 22.87843 30.5941 1.079252e-06 18.29066 9.999995 5.982891 32.8116 133 134 -134
-0.04026575 0.999189 0 0 0 1 0.999189 0.04026575 -0 24.91899 27.01004 0 22.90726 10 2.011666 29.01819 129 130 -130
-0.6324453 0.774605 0 0 0 1 0.774605 0.6324453 -0 23.72773 26.55824 0 22.90727 10 2.011665 29.01819 131 132 -132
-0.04026575 0.999189 0 0.999189 0.04026575 0 0 0 -1 22.98996 24.919 0 24.91893 4.023333 0 25.24164 -132 -131 131
-0.04026575 0.999189 0 0.999189 0.04026575 0 0 0 -1 22.98996 24.919 10 24.91893 4.023333 0 25.24164 -109 -108 108
-0.6324453 0.774605 0 0.774605 0.6324453 0 0 0 -1 23.44175 23.72773 10 24.91894 4.023331 0 25.24164 -107 -106 106
-0.6324453 0.774605 0 0.774605 0.6324453 0 0 0 -1 23.44175 23.72773 0 24.91894 4.023331 0 25.24164 -134 -133 133
-0.3546062 0.9350157 -1.407724e-07 -1.384355e-06 -3.744627e-07 1 0.9350157 0.3546062 1.427181e-06 22.87846 30.59411 1.111349e-05 18.29066 9.999983 5.982895 32.81161 135 136 -136
-0.3546048 0.9350163 2.002855e-07 -2.528027e-08 -2.23793e-07 1 0.9350163 0.3546048 1.029955e-07 24.28666 26.88094 -4.795187e-06 22.90727 10 2.011665 29.01819 141 142 -142
-0.2000257 0.9797906 -1.764227e-07 -2.140739e-07 1.363581e-07 1 0.9797906 0.2000257 1.824725e-07 24.59762 26.971 3.67429e-06 22.90727 10 2.01166 29.01818 137 138 -138
-0.4999993 0.8660258 1.559376e-07 4.729845e-07 9.301604e-08 1 0.8660258 0.4999993 -4.561248e-07 23.99415 26.74214 -2.654531e-06 22.90726 9.997238 2.011667 29.01708 139 140 -140
-0.2000257 0.9797906 0 0.9797906 0.2000257 0 0 0 -0.9999999 23.029 24.59762 0 24.91893 4.023319 0 25.24163 -131 -130 130
-0.2000257 0.9797906 -2.889192e-07 0.9797906 0.2000257 -3.0169e-06 -2.898139e-06 -8.865379e-07 -0.9999999 23.029 24.59762 10.00001 24.91893 4.023315 6.67572e-06 25.24165 -110 -109 109
-0.4999993 0.8660258 0 0.8660258 0.4999993 0 0 0 -1 23.25783 23.99416 0 24.91894 4.023331 0 25.24164 -135 -134 134
-0.4999993 0.8660258 2.553719e-07 0.8660258 0.4999993 7.540878e-06 6.402909e-06 3.991592e-06 -1 23.25782 23.99417 9.999979 24.91892 4.023331 1.525879e-05 25.24166 -106 -105 105
-0.3546048 0.9350163 0 0.9350163 0.3546048 0 0 0 -1 23.11906 24.28666 0 24.91893 4.023331 0 25.24164 -136 -135 135
-0.3546048 0.9350163 3.279984e-07 0.9350163 0.3546048 -1.702861e-06 -1.708513e-06 -2.97159e-07 -1 23.11906 24.28666 9.999998 24.91893 4.023325 5.722046e-06 25.24165 -111 -110 110
0.2709335 0.1636918 0.9485779 0.8050047 0.5017819 -0.3165163 -0.5277903 0.8493645 0.004176885 5.557129 41.82842 1.27745 12.83333 10.89669 0.4520283 17.73951 145 146 -146
0.3113448 0.05713598 0.9485778 0.9352987 0.1582205 -0.3165164 -0.1681689 0.9857493 -0.00417807 14.20782 48.03206 -0.001301974 12.83237 10.89572 0.4520512 17.73819 153 154 -154
0.2230769 0.152463 0.9628041 0.8016266 0.5332888 -0.2701808 -0.5546452 0.8320805 -0.003254019 7.574091 43.19178 -0.0006324276 11.62668 7.53775 0.1943569 14.24503 147 148 -148
0.3485945 0.2068167 0.914171 0.7807167 0.4756142 -0.4053055 -0.5186167 0.8549958 0.004331306 4.839993 41.52335 1.818841 13.63099 10.6934 0.409111 18.14314 149 150 -150
0.1718944 0.1403488 0.9750664 0.7552729 0.6166987 -0.2219132 -0.6324675 0.7745869 5.39422e-06 7.681927 43.03002 -4.345929e-07 10.64344 3.923012 5.340576e-05 11.34351 -53 -52 52
0.1921821 0.1109585 0.9750663 0.84439 0.4876062 -0.2219138 -0.5000716 0.8659841 1.689792e-05 10.79847 45.57446 -3.622263e-07 10.64333 3.923016 0.0001678467 11.34364 -55 -54 54
0.2216605 0.1545189 0.9628034 0.7828887 0.5604341 -0.2701831 -0.5813363 0.8136568 0.003255039 5.691343 41.72349 0.8430129 11.62622 7.53727 0.1943769 14.24442 151 152 -152
0.207492 0.07869162 0.9750665 0.9116931 0.3457895 -0.2219128 -0.3546304 0.9350065 5.960464e-06 12.25954 46.81892 0.4925107 10.64342 3.923002 5.912781e-05 11.3435 -56 -55 55
0.171894 0.1403487 0.9750665 0.7552925 0.6166748 -0.2219128 -0.6324441 0.7746059 -1.572073e-06 6.005804 41.66157 0.4924532 10.64349 3.923014 7.629395e-06 11.34347 -52 -51 51
0.1921825 0.1109585 0.9750662 0.8444023 0.4875847 -0.2219142 -0.5000507 0.8659962 1.163036e-05 8.924574 44.4926 0.4925713 10.64338 3.922995 0.000120163 11.34358 -54 -53 53
0.39807 0.07635526 0.9141718 0.8997671 0.1617035 -0.4053037 -0.1787718 0.9838809 -0.004332647 14.08536 47.96646 0.05417022 13.63095 10.69333 0.4091225 18.14309 155 156 -156
0.268075 0.03380383 0.9628049 0.9536659 0.1323822 -0.2701783 -0.1365913 0.9906222 0.003250789 15.67468 48.78131 0.8428752 11.62678 7.537838 0.194313 14.24507 159 160 -160
0.2074915 0.07869032 0.9750667 0.9117088 0.3457488 -0.2219119 -0.3545904 0.9350217 -2.726912e-06 14.28268 47.58628 -2.330125e-07 10.64347 3.923002 2.861023e-05 11.34348 -57 -56 56
0.2683788 0.03133275 0.9628038 0.9576338 0.09969582 -0.270182 -0.1044531 0.9945246 -0.003249058 18.02428 49.2062 -0.0006306767 11.62681 7.537851 0.1943016 14.24508 157 158 -158
0.2174268 0.0443881 0.9750668 0.9553605 0.1950421 -0.2219115 -0.2000293 0.9797899 7.338822e-07 18.04457 49.01294 6.457776e-07 10.64348 3.923004 7.629395e-06 11.34346 -59 -58 58
0.2217322 0.008934416 0.9750667 0.9742776 0.03922022 -0.2219121 -0.04022498 0.9991906 -8.217059e-06 21.98658 49.8178 -2.603629e-07 10.64341 3.923019 8.392334e-05 11.34355 -61 -60 60
0.217427 0.04438693 0.9750668 0.9553627 0.195032 -0.2219115 -0.2000192 0.979792 -3.837049e-07 15.92451 48.58017 0.4924537 10.64348 3.922998 1.335144e-05 11.34346 -58 -57 57
0.221732 0.008934827 0.9750667 0.9742762 0.03925484 -0.2219119 -0.04025883 0.9991894 -9.359792e-07 19.82455 49.73062 0.4924593 10.64348 3.923012 1.335144e-05 11.34347 -60 -59 59
0.6947495 0.719027 -0.01798297 0.7191142 -0.6948885 -0.002189489 -0.01407046 -0.01141066 -0.999836 14.28407 11.48407 5.345506 34.44824 21.58566 5.310496 51.27345 163 164 -164
-0.6947528 0.7190238 -0.01798272 0.719111 0.6948918 0.002189234 0.01407016 -0.0114106 -0.9998359 38.21707 13.74671 5.273976 34.45063 21.58567 5.310491 51.27547 241 242 -242
-0.4286912 0.9034511 -5.444909e-08 0.8559556 0.4061544 -0.3199667 -0.2890742 -0.1371669 -0.9474288 28.2824 1.100128 7.458681 16.7117 15.36835 7.87255 38.44901 165 166 -166
0.9488094 -0.3158378 -0.002669271 0.2759431 0.8330144 -0.4795231 0.1536751 0.4542395 0.8775252 30.016 17.34583 7.620511 16.53718 10.74946 8.635927 36.99567 203 204 -204
0.8667153 0.4112654 -0.2822506 0.2549985 0.1210006 0.9593407 0.4286962 -0.9034487 9.909272e-07 23.97582 -2.005693 0.7963253 21.60746 15.11116 0.9597507 28.28671 167 168 -168
-0.4286924 0.9034505 6.564013e-08 -8.420026e-06 -4.068006e-06 1 0.9034505 0.4286924 9.351001e-06 34.85975 4.221122 9.163242e-05 13.20028 9.999817 9.79921 36.15872 185 186 -186
-0.3057362 -0.08200424 0.9485782 0.9195334 0.2329728 0.3165152 -0.2469485 0.9690196 0.004177414 27.59177 0.3727069 -3.450854 12.83331 10.89668 0.4520323 17.73949 169 170 -170
-0.2568799 -0.184962 0.9485788 0.762003 0.5649519 0.3165134 -0.5944443 0.8041258 -0.004183188 37.43047 3.634679 -2.171388 12.83317 10.89656 0.4521255 17.73949 177 178 -178
-0.3906346 -0.10814 0.9141719 0.8838368 0.2335844 0.4053034 -0.2573658 0.9663044 0.004331946 28.27594 0.4884357 -4.279479 13.63054 10.69337 0.4091098 18.14276 171 172 -172
-0.2644872 -0.05526797 0.9628043 0.9399168 0.2087077 0.2701803 -0.215877 0.9764152 -0.00325321 29.12372 0.4730978 -1.193611 11.62671 7.537764 0.1943452 14.24503 175 176 -176
-0.2004858 -0.09513216 0.9750668 0.880917 0.4180198 0.2219114 -0.4287082 0.903443 -3.471971e-06 34.04413 1.709497 -0.8705626 10.64346 3.923018 3.528595e-05 11.34349 -17 -16 16
-0.2649869 -0.05282479 0.962804 0.9465104 0.1764094 0.2701812 -0.18412 0.9828985 0.003253035 26.76628 0.103828 -2.036991 11.6265 7.537556 0.1943448 14.24474 173 174 -174
-0.2131511 -0.06173981 0.9750665 0.936571 0.2712741 0.2219126 -0.2782112 0.9605199 1.337379e-06 30.19094 0.5603695 -0.8705654 10.64348 3.923012 1.335144e-05 11.34347 -19 -18 18
-0.2202931 -0.02674851 0.9750669 0.9679569 0.1175367 0.2219111 -0.120542 0.9927082 -1.11945e-06 26.20333 0.04414582 -0.8705596 10.64348 3.923012 1.072884e-05 11.34346 -21 -20 20
-0.2131504 -0.06173978 0.9750667 0.9365664 0.2712904 0.2219119 -0.278227 0.9605153 -2.253801e-06 32.26931 1.162342 -0.3780946 10.64347 3.92301 1.978874e-05 11.34347 -18 -17 17
-0.2202944 -0.02674851 0.9750666 0.9679571 0.117533 0.2219124 -0.1205383 0.9927087 -4.544854e-07 28.35135 0.3049691 -0.37811 10.64349 3.92301 3.33786e-06 11.34345 -20 -19 19
-0.2100824 -0.1699191 0.9628047 0.7561004 0.5960836 0.2701787 -0.6198206 0.7847368 0.003249258 38.13383 3.776262 -2.037199 11.62679 7.537853 0.1943083 14.24507 179 180 -180
-0.3308176 -0.2341951 0.914173 0.7399096 0.5369031 0.4053009 -0.5857419 0.8104861 -0.004333809 38.51204 4.411201 -2.515129 13.63089 10.69323 0.4091473 18.14302 181 182 -182
-0.1600424 -0.1537237 0.9750669 0.7031909 0.6754835 0.2219111 -0.6927546 0.7211733 -8.866191e-06 40.95408 5.772062 -0.8705601 10.64341 3.923012 8.392334e-05 11.34354 -13 -12 12
-0.1826292 -0.1260604 0.9750668 0.8024476 0.5539252 0.2219114 -0.5680884 0.8229676 -6.03497e-06 37.6631 3.461875 -0.8705598 10.64343 3.923006 6.008148e-05 11.34352 -15 -14 14
-0.2085069 -0.1718508 0.9628044 0.7352668 0.6215991 0.27018 -0.644909 0.7642525 -0.003251538 40.04958 5.198902 -1.193623 11.62672 7.537785 0.1943388 14.24504 183 184 -184
-0.2004873 -0.09513216 0.9750665 0.8809221 0.4180084 0.2219128 -0.428697 0.9034483 -1.363456e-06 35.999 2.637122 -0.3781064 10.64349 3.923016 9.536743e-06 11.34347 -16 -15 15
-0.1600419 -0.153724 0.9750669 0.7031916 0.6754829 0.221911 -0.692754 0.7211739 -8.158386e-06 42.51459 7.270966 -0.378034 10.64341 3.923 8.106232e-05 11.34353 -12 -11 11
-0.1826288 -0.1260604 0.9750669 0.802448 0.5539248 0.221911 -0.5680879 0.8229679 -5.714595e-06 39.44383 4.691031 -0.3780583 10.64343 3.923008 5.817413e-05 11.34351 -14 -13 13
-0.4286922 0.9034506 -2.767876e-08 -9.799852e-08 -1.586411e-08 1 0.9034506 0.4286922 9.533764e-08 35.40589 3.070054 5.703951e-07 18.29065 9.999999 5.982895 32.8116 187 188 -188
-0.4286923 0.9034506 -2.356645e-09 0.9034506 0.4286923 -6.003788e-07 -5.414024e-07 -2.595069e-07 -1 26.55096 -1.126826 5.000007 24.26162 19.59833 5.000006 41.18848 197 198 -198
-0.4286923 0.9034505 0 0 0 1 0.9034505 0.4286923 -0 35.68256 2.486979 0 22.90727 10 2.011665 29.01819 189 190 -190
-0.4286922 0.9034506 -2.139612e-09 -8.774832e-07 -4.140022e-07 1 0.9034506 0.4286922 9.702422e-07 35.40589 3.070056 5.804863e-06 18.29065 9.999989 5.982899 32.8116 191 192 -192
-0.4286923 0.9034505 0 0.9034505 0.4286923 0 0 0 -1 33.86512 1.624593 10 24.91893 4.023331 0 25.24164 -89 -88 88
-0.4286923 0.9034505 0 0.9034505 0.4286923 0 0 0 -1 33.86512 1.624593 0 24.91893 4.023331 0 25.24164 -152 -151 151
-0.2782173 0.9605181 2.504808e-08 -4.13848e-07 -1.459501e-07 1 0.9605181 0.2782173 4.381143e-07 31.93288 1.064913 8.813386e-07 22.90726 9.999998 2.011667 29.01819 193 194 -194
-0.5680644 0.8229841 1.022864e-07 -5.597591e-07 -5.106608e-07 1 0.8229841 0.5680644 7.50761e-07 39.15557 4.492125 1.510281e-06 22.90726 9.999997 2.011669 29.01819 195 196 -196
-0.2782173 0.9605181 4.102009e-08 0.9605181 0.2782173 -7.24349e-06 -6.968916e-06 -1.975864e-06 -1 30.00064 0.5052321 10.00001 24.91891 4.023327 1.430511e-05 25.24165 -88 -87 87
-0.2782177 0.9605181 0 0.9605181 0.2782177 0 0 0 -1 30.00064 0.5052319 0 24.91893 4.023331 0 25.24164 -153 -152 152
-0.5680644 0.8229841 0 0.8229841 0.5680644 0 0 0 -1 37.5 3.349367 0 24.91893 4.023331 0 25.24164 -157 -156 156
-0.5680644 0.8229841 1.675098e-07 0.8229841 0.5680644 -1.241301e-05 -1.031087e-05 -6.91353e-06 -1 37.5 3.349367 10.00002 24.91891 4.023327 2.527237e-05 25.24166 -90 -89 89
-0.1205368 0.9927089 -1.149155e-08 -4.645253e-07 -4.482769e-08 1 0.9927089 0.1205368 4.665418e-07 28.00365 0.2627544 -7.299786e-08 22.90727 9.998046 2.011664 29.01741 199 200 -200
-0.6927238 0.721203 1.247328e-07 -3.880824e-07 -5.457087e-07 1 0.721203 0.6927238 6.579116e-07 42.26196 7.028404 0.002759645 22.90727 9.997239 2.011667 29.01709 201 202 -202
-0.1205368 0.9927089 0 0.9927089 0.1205368 0 0 0 -1 26.00665 0.02027416 0 24.91893 4.023325 0 25.24164 -154 -153 153
-0.1205368 0.9927089 -1.881918e-08 0.9927089 0.1205368 -7.713555e-06 -7.655046e-06 -9.484492e-07 -1 26.00665 0.0202753 10.00002 24.91892 4.023319 1.573563e-05 25.24166 -93 -92 92
-0.6927238 0.721203 0 0.721203 0.6927238 0 0 0 -1 40.81113 5.634874 0 24.91894 4.023327 0 25.24164 -156 -155 155
-0.6927238 0.721203 2.042692e-07 0.721203 0.6927238 -1.087791e-05 -7.986686e-06 -7.388071e-06 -1 40.81114 5.634881 10.00002 24.91891 4.023319 2.145767e-05 25.24166 -85 -84 84
0.9471765 -0.3207128 -1.441042e-07 -3.024911e-07 -1.342686e-06 1 -0.3207128 -0.9471765 -1.368773e-06 33.08355 21.37444 1.41759e-05 14.86009 9.999976 8.859381 35.63026 205 206 -206
0.3282087 0.8974273 -0.2947936 0.09139985 0.2804457 0.9555084 0.9401729 -0.3405503 0.01001999 43.73817 5.83942 0.7574943 18.83097 14.04744 0.9109516 25.31522 223 224 -224
0.9437799 -0.3305743 -3.321722e-08 0.3305743 0.9437799 7.238206e-07 -2.079268e-07 -6.941082e-07 1 21.87963 16.06935 4.999994 24.34718 17.72444 5.000006 40.11547 207 208 -208
0.9485365 -0.3166677 9.683681e-08 1.309556e-07 6.980598e-07 1 -0.3166677 -0.9485365 7.036046e-07 30.675 23.1054 0.003384001 18.29064 9.996613 5.9829 32.80998 213 214 -214
0.7994429 -0.6007421 -5.408518e-08 2.622961e-07 2.590222e-07 1 -0.6007421 -0.7994429 3.646457e-07 26.6082 23.7915 0.002760456 22.90727 9.99724 2.011663 29.01708 209 210 -210
0.999189 -0.04026683 3.603749e-09 -2.04268e-08 -4.173779e-07 1 -0.04026683 -0.999189 -4.178619e-07 26.00583 24.95949 3.342475e-07 23.97307 9.999999 1.006649 27.98845 211 212 -212
0.7994429 -0.6007421 -8.857281e-08 0.6007421 0.7994429 6.028583e-06 -3.550815e-06 -4.872717e-06 1 23.79152 23.39178 9.99999 24.91892 4.023319 1.192093e-05 25.24165 -86 -85 85
0.7994429 -0.600742 0 0.600742 0.7994429 0 -0 0 1 23.79151 23.39178 0 24.91893 4.023327 0 25.24164 -155 -154 154
0.999189 -0.04026683 0 0.04026683 0.999189 0 -0 0 1 24.95947 23.99419 0 24.97972 2.013294 0 25.06072 -121 -120 120
0.999189 -0.04026683 5.908041e-09 0.04026683 0.999189 -3.009342e-05 1.205863e-06 3.006925e-05 1 24.9595 23.99419 10.00003 24.97969 2.013288 3.004074e-05 25.06075 -84 -83 83
0.9485362 -0.3166686 2.941625e-08 -2.886261e-07 -7.716461e-07 1 -0.3166686 -0.9485362 -8.23333e-07 30.675 23.10542 4.387874e-06 18.29065 9.99999 5.982899 32.8116 215 216 -216
0.9485365 -0.3166677 -2.850973e-08 1.64049e-07 4.013566e-07 1 -0.3166677 -0.9485365 4.326504e-07 26.90814 24.36296 1.52343e-06 22.90726 10 2.011667 29.01819 221 222 -222
0.9870503 -0.1604111 0 0 0 1 -0.1604111 -0.9870503 0 26.98562 24.67731 0 22.90726 10 2.011665 29.01819 217 218 -218
0.8854557 -0.4647238 0 0 0 1 -0.4647238 -0.8854557 0 26.78125 24.06515 0 22.90727 10 2.011665 29.01819 219 220 -220
0.9870502 -0.1604115 2.365095e-08 0.1604115 0.9870502 -7.443773e-06 1.170722e-06 7.351171e-06 1 24.67732 23.0144 10.00001 24.91891 4.023329 1.478195e-05 25.24165 -83 -82 82
0.9870503 -0.1604111 0 0.1604111 0.9870503 0 -0 0 1 24.67731 23.01438 0 24.91893 4.023331 0 25.24164 -158 -157 157
0.8854561 -0.4647229 0 0.4647229 0.8854561 0 -0 0 0.9999999 24.06513 23.21875 9.999998 24.91894 4.023329 0 25.24164 -87 -86 86
0.8854557 -0.4647238 0 0.4647238 0.8854557 0 -0 0 1 24.06514 23.21877 0 24.91894 4.023331 0 25.24164 -160 -159 159
0.9485365 -0.3166677 -4.668908e-08 0.3166677 0.9485365 7.15298e-06 -2.220832e-06 -6.799648e-06 0.9999999 24.36298 23.09185 9.999985 24.91891 4.023333 1.478195e-05 25.24165 -82 -81 81
0.9485363 -0.3166684 0 0.3166684 0.9485363 0 -0 0 1 24.36297 23.09187 0 24.91894 4.023331 0 25.24164 -159 -158 158
-0.09973813 -0.1577231 0.9824336 0.5250785 0.8303422 0.1866126 -0.8451892 0.5344672 2.384186e-07 43.9997 8.572828 -1.469345 11.31853 9.74404 0.1618748 15.25879 225 226 -226
-0.03068473 -0.1153404 0.992852 0.1950689 0.9735284 0.1191243 -0.9803094 0.1973299 -0.007373122 48.31152 15.268 -1.059887 10.80694 10.90354 0.2848148 15.92141 231 232 -232
-0.1454637 -0.2277009 0.9628046 0.5284399 0.804832 0.2701792 -0.8364159 0.5480856 0.003252372 44.17876 9.027664 -2.037189 11.62673 7.537792 0.1943321 14.24504 227 228 -228
-0.1433582 -0.2290349 0.962804 0.5005955 0.8224391 0.2701814 -0.8537285 0.520708 -0.003249541 45.54575 10.98419 -1.193507 11.62616 7.537214 0.194315 14.24422 229 230 -230
-0.1031273 -0.1964931 0.9750668 0.4531267 0.8633837 0.2219117 -0.8854609 0.4647139 -2.153218e-06 46.22185 11.81378 -0.8705621 10.64347 3.92301 2.479553e-05 11.34348 -9 -8 8
-0.1333128 -0.1774056 0.9750667 0.5857859 0.7794933 0.2219123 -0.7994264 0.6007641 5.327165e-06 43.83175 8.580355 -0.8705577 10.64343 3.923 5.435944e-05 11.3435 -11 -10 10
-0.1031284 -0.1964938 0.9750665 0.4531371 0.8633779 0.2219128 -0.8854554 0.4647244 -1.788139e-07 47.22739 13.72973 -0.3781126 10.64349 3.923016 1.907349e-06 11.34346 -8 -7 7
-0.1333139 -0.1774063 0.9750664 0.5858154 0.7794707 0.2219135 -0.7994045 0.6007931 1.306087e-05 45.13157 10.31021 -0.3779881 10.64337 3.923008 0.0001277924 11.34359 -10 -9 9
-0.05602217 -0.2244102 0.9728831 0.188558 0.9545009 0.2310279 -0.9804628 0.1963875 -0.01115888 48.42047 15.62673 -2.103224 11.65805 11.77861 0.3056393 17.18372 233 234 -234
-0.04223502 -0.1558664 0.9868748 0.1888261 0.9687097 0.1610786 -0.9811019 0.1931508 -0.01148183 48.71175 16.85139 -0.7612111 10.90732 9.694248 0.2564278 15.10559 237 238 -238
-0.01650329 -0.06816119 0.9975379 0.1240315 0.9898282 0.06968638 -0.992141 0.1248762 -0.007881288 49.34666 19.09939 -0.4134216 10.31154 6.56216 0.08538628 12.39328 235 236 -236
-0.07027281 -0.2104925 0.9750665 0.3087833 0.9248824 0.2219129 -0.9485329 0.3166787 2.473593e-06 48.06221 15.38877 -0.8705679 10.64346 3.923014 3.051758e-05 11.34349 -7 -6 6
0.004156781 0.1031486 0.9946573 0.04001442 0.9938521 -0.1032323 -0.9991904 0.04022974 3.796071e-06 49.91896 22.98834 1.346343e-07 10.15437 2.002537 3.814697e-05 10.35002 -2 -1 1
-0.03559729 -0.2190389 0.9750665 0.1564022 0.9624413 0.2219126 -0.9870517 0.160402 -2.142042e-06 49.30534 19.21268 -0.8705646 10.64347 3.923006 2.098083e-05 11.34348 -5 -4 4
-0.01517064 -0.0572538 0.9982444 0.1282662 0.9899993 0.05873021 -0.9916238 0.128932 -0.007675197 49.47272 19.64875 -0.1095898 10.0739 5.958521 0.08948708 11.88313 239 240 -240
-0.07027238 -0.2104923 0.9750665 0.3087886 0.9248807 0.2219126 -0.9485312 0.3166838 4.060566e-06 48.74739 17.44121 -0.3780759 10.64345 3.923008 4.005432e-05 11.3435 -6 -5 5
0.004155926 0.1031488 0.9946572 0.03988573 0.9938573 -0.1032325 -0.9991956 0.04010166 1.623202e-05 49.87776 21.9624 0.1067319 10.15424 2.002512 0.0001659393 10.35015 -3 -2 2
-0.03559677 -0.2190381 0.9750668 0.1563854 0.9624441 0.2219118 -0.9870544 0.1603855 -5.539507e-06 49.65246 21.34842 -0.3780634 10.64344 3.923018 5.340576e-05 11.34351 -4 -3 3
0.9488082 0.3158416 0.002669669 -0.2759481 0.8330187 -0.4795128 -0.153674 0.454229 0.8775308 32.98227 23.69953 7.53409 16.5372 10.74967 8.635866 36.99569 243 244 -244
0.4286904 0.9034514 -6.178366e-07 0.8559589 -0.4061548 0.3199573 0.2890656 -0.1371631 -0.947432 21.11812 33.8016 2.541379 16.71181 15.36851 7.872473 38.44903 281 282 -282
0.9471771 0.3207111 0 0 0 1 0.3207111 -0.9471771 0 33.08354 28.62559 0 14.8562 10 8.859376 35.62704 245 246 -246
-0.3282108 0.8974296 -0.2947842 -0.09139754 0.2804365 0.9555114 0.9401724 0.3405517 -0.01001944 51.20261 23.32165 1.371249 18.83098 14.04919 0.9109421 25.31626 263 264 -264
0.9437801 0.3305741 0 -0.3305741 0.9437801 0 0 -0 1 27.73198 17.20027 5 24.35885 17.72445 5 40.1249 247 248 -248
