NUM_BV: 431 NUM_TRI: 216
-0.6459846 0.7524813 0.1283575 0.6931035 0.5077279 0.5116835 0.3198616 0.4195047 -0.8495319 -39.95971 -478.5551 -115.2409 934.4335 228.2469 571.0493 2104.004 1 2 -2
0.9904851 0.07131282 0.1177021 -0.1339331 0.3028561 0.9435784 0.03164242 -0.9503645 0.3095256 -431.2381 -399.6867 -221.2531 956.7299 474.2004 353.4301 1774.661 3 4 -4
0.3107634 -0.446611 0.8390261 0.9081896 -0.1208789 -0.4007242 0.2803884 0.8865252 0.3680427 -559.5521 214.7685 57.34417 387.3218 321.2112 517.3793 1537.943 235 236 -236
0.6934485 0.04569258 0.7190559 0.7205057 -0.04274238 -0.6921306 -0.0008910764 0.9980407 -0.0625614 -631.4374 -272.1635 98.31258 838.9091 762.5129 339.2415 1812.147 5 6 -6
0.6055489 -0.3465694 -0.71638 0.7933571 0.1923035 0.5775844 -0.06241074 -0.9181007 0.3914024 -517.6468 -257.9482 103.6904 710.1587 667.5466 353.266 1681.183 99 100 -100
1.705303e-13 2.508029e-07 1 0.2897842 0.957092 -2.400415e-07 -0.957092 0.2897842 -7.267855e-08 -450.5712 -496.8865 -424.9825 499.9825 3.924561 19.90315 539.8043 7 8 -8
0.9997864 -0.01623965 -0.01278514 0.01831183 0.9828354 0.1835735 0.009584514 -0.1837684 0.9829229 -506.5858 -436.7745 199.1221 894.4281 471.8728 214.4069 1440.083 69 70 -70
1.881774e-07 5.645325e-07 1 -1.411331e-07 1 -5.645325e-07 -1 -1.41133e-07 1.881775e-07 -450.0001 -495.0016 -425 499.9753 0.002929688 20.00005 539.9755 9 10 -10
4.704438e-08 9.408872e-08 1 1 -1.176109e-08 -4.704438e-08 1.176109e-08 1 -9.408872e-08 -450.0014 -495 -425 499.9753 0.002746582 20.00002 539.9753 39 40 -40
-0.005017688 -7.614068e-07 0.9999874 0.9977461 0.06691593 0.005006493 -0.06691509 0.9977586 -0.0003350036 -463.4892 -486.5753 -425.1681 498.2131 32.85083 10.64673 520.5884 11 12 -12
0.005017688 7.59428e-07 0.9999874 0.997756 0.06676733 -0.005006542 -0.0667665 0.9977685 0.0003342599 -469.2892 -505.6216 -425.0036 498.2148 32.85843 10.64536 520.5879 25 26 -26
-0.005006717 0.005006508 0.999975 0.7486393 -0.6629397 0.007067415 0.6629586 0.748656 -0.0004289174 -446.7238 -475.7135 -425.1803 498.9078 25.30712 3.351929 506.2531 13 14 -14
-0.005006509 -0.00500672 0.999975 0.6628838 0.7486889 0.007067387 -0.7487056 0.6629027 -0.000429444 -469.2846 -491.7236 -425.1803 498.9071 25.30554 3.352448 506.2534 19 20 -20
-0.002930259 0.007073851 0.9999707 -0.4188977 0.9080012 -0.007650768 -0.9080287 -0.4189078 0.0003025413 -429.174 -494.613 -424.995 499.5356 14.43069 0.9121399 501.5683 15 16 -16
-0.007073951 0.0029302 0.9999707 0.9389149 -0.3440643 0.00765024 0.3440766 0.9389415 -0.0003173144 -449.0803 -475.0334 -425.1106 499.5276 14.41951 0.9194336 501.5745 17 18 -18
-0.001522169 0.007654915 0.9999695 -0.1949983 0.9807725 -0.007804789 -0.9808024 -0.1950042 -2.065208e-07 -430.0001 -495 -425 500.0456 7.803589 9.155273e-05 500.1067 -74 -73 73
-0.004336786 0.006489052 0.9999695 -0.5558056 0.8312756 -0.007804839 -0.831301 -0.5558226 1.586974e-06 -431.5214 -487.3456 -425 500.0448 7.803284 0.0008544922 500.1074 -76 -75 75
-0.006489051 0.004336786 0.9999695 0.8311843 -0.5559422 0.007804837 0.5559591 0.8312097 2.868706e-06 -442.3448 -476.5211 -425.0609 500.0442 7.803314 0.001464844 500.108 -78 -77 77
-0.007655105 0.001522353 0.9999695 0.9812933 -0.1923601 0.007804981 0.1923661 0.9813232 -2.133835e-05 -450.0016 -475.0105 -425.0609 500.0351 7.803589 0.01062012 500.1172 -80 -79 79
-0.007073847 -0.002930261 0.9999707 0.9076247 0.4197129 0.007650491 -0.419723 0.9076522 -0.0003094075 -463.4797 -480.2247 -425.1107 499.5347 14.42822 0.9155579 501.5742 21 22 -22
-0.0029302 -0.007073949 0.9999707 0.3441601 0.9388798 0.00765027 -0.9389064 0.3441724 -0.0003165342 -469.9678 -494.0806 -425.1106 499.5284 14.42035 0.9190369 501.5746 23 24 -24
-0.007654916 -0.001522172 0.9999695 0.9804005 0.19686 0.007804777 -0.1968659 0.9804304 -1.460803e-05 -457.6521 -476.5291 -425.0609 500.0384 7.803589 0.007293701 500.1139 -82 -81 81
-0.006489051 -0.004336784 0.9999695 0.8317114 0.5551534 0.007804835 -0.5551704 0.8317367 4.533678e-06 -464.1429 -480.8559 -425.0609 500.0435 7.803345 0.002227783 500.1088 -84 -83 83
-0.004336781 -0.006489047 0.9999695 0.5552876 0.8316218 0.007804831 -0.8316471 0.5553045 -3.27453e-06 -468.4764 -487.3465 -425.0609 500.0441 7.803345 0.001586914 500.1082 -86 -85 85
-0.001522359 -0.007655106 0.9999695 0.1956938 0.980634 0.00780501 -0.9806638 0.1956997 5.180016e-06 -470.0025 -494.999 -425.0609 500.043 7.803589 0.002655029 500.1092 -88 -87 87
0.005006716 -0.005006511 0.999975 0.7483752 -0.6632379 -0.007067588 0.6632567 0.7483919 0.000426105 -472.2214 -497.5066 -425.0014 498.912 25.31571 3.349213 506.2523 27 28 -28
0.005006511 0.005006716 0.999975 0.6632115 0.7483987 -0.007067572 -0.7484154 0.6632302 0.0004263551 -447.4933 -517.2215 -425.0014 498.9117 25.315 3.349442 506.2524 33 34 -34
0.002930266 -0.007073846 0.9999707 -0.4210367 0.9070113 0.007650033 -0.9070389 -0.4210468 -0.000320564 -464.7659 -508.4632 -425.1106 499.5247 14.41591 0.9210815 501.5749 29 30 -30
0.007073949 -0.002930203 0.9999707 0.9384562 -0.3453134 -0.007650654 0.3453257 0.9384828 0.0003071381 -464.4578 -510.0001 -425.0003 499.5367 14.43082 0.9144287 501.574 31 32 -32
0.001522173 -0.007654916 0.9999695 -0.1975468 0.9802623 0.007804764 -0.9802922 -0.1975527 -2.007536e-05 -468.4681 -502.6515 -425.0604 500.0351 7.80307 0.01004028 500.1161 -90 -89 89
0.004336785 -0.006489053 0.9999695 -0.5551535 0.8317113 0.007804838 -0.8317366 -0.5551704 4.532747e-06 -464.1442 -509.1428 -425.0609 500.0434 7.803314 0.002258301 500.1088 -92 -91 91
0.006489051 -0.004336784 0.9999695 0.8317114 -0.5551534 -0.007804835 0.5551704 0.8317367 4.533678e-06 -464.1432 -509.1439 -425 500.0434 7.803314 0.002258301 500.1088 -94 -93 93
0.0076551 -0.001522359 0.9999695 0.9804796 -0.1964657 -0.007804999 0.1964716 0.9805095 -1.132325e-05 -457.6528 -513.4724 -425 500.0399 7.803589 0.005737305 500.1123 -96 -95 95
0.007074039 0.002930266 0.9999707 0.9072474 0.4205278 -0.007650386 -0.4205379 0.9072749 0.000316354 -449.6135 -515.8337 -425.0003 499.5285 14.42059 0.9189606 501.5746 35 36 -36
0.002930206 0.00707395 0.9999707 0.3455788 0.9383585 -0.007650743 -0.9383851 0.345591 0.0003049765 -435.0009 -509.4576 -425.0003 499.5387 14.43329 0.9133072 501.5738 37 38 -38
0.007655102 0.001522169 0.9999695 0.9808487 0.1946144 -0.007804972 -0.1946204 0.9808786 -3.224006e-06 -450.0003 -514.9984 -425 500.0441 7.80365 0.001617432 500.1082 -98 -97 97
0.006489051 0.004336786 0.9999695 0.8311843 0.5559422 -0.007804837 -0.5559591 0.8312097 2.868706e-06 -442.3452 -513.4792 -425 500.0442 7.803345 0.001449585 500.108 -100 -99 99
0.0043366 0.006489052 0.9999695 0.5565969 0.8307461 -0.00780473 -0.8307714 0.5566139 -9.173295e-06 -435.8618 -509.1395 -425 500.0411 7.803284 0.004547119 500.1111 -102 -101 101
0.001522356 0.0076551 0.9999695 0.1949921 0.9807737 -0.007805007 -0.9808036 0.194998 4.031463e-07 -431.5219 -502.6539 -425 500.0456 7.803528 0.0001373291 500.1067 -104 -103 103
-0.0006254574 -0.001887531 0.999998 0.5829637 0.8124959 0.001898234 -0.8124979 0.5829638 0.0005921806 -462.4432 -504.9122 -421.4602 496.4705 28.83856 15.69696 528.7013 41 42 -42
0.0006207115 0.001884427 0.999998 0.7625272 -0.6469557 0.000745833 0.6469559 0.7625253 -0.0018385 -453.7662 -489.9214 -424.9677 499.9218 19.46942 17.60571 535.5122 55 56 -56
-0.006255934 0.001245341 0.9999797 0.9660739 -0.2581872 0.006365356 0.2581899 0.9660941 0.0004121104 -459.7622 -476.7357 -422.513 497.5251 29.12576 4.908234 508.1934 43 44 -44
0.005006228 -0.005007 0.999975 -0.6630212 0.7485672 0.007067489 -0.7485839 -0.66304 0.0004277513 -455.0064 -514.724 -423.8957 498.9096 25.30944 3.351196 506.2535 49 50 -50
-0.005414078 0.005414312 0.9999707 -0.6780957 0.7349337 -0.007650649 -0.7349536 -0.6781172 -0.0003075667 -429.1841 -489.2124 -424.4112 499.5365 14.43078 0.9140625 501.573 45 46 -46
-0.007073949 -0.002930112 0.9999707 0.9382601 0.3458459 0.007650795 -0.3458582 0.9382867 0.0003027108 -460.9238 -478.5383 -424.5258 499.5407 14.43579 0.9122467 501.5737 47 48 -48
-0.004336644 0.006488955 0.9999695 -0.5567338 0.8306543 -0.007804673 -0.8306797 -0.5567508 1.036865e-05 -429.3495 -490.5875 -424.9644 500.0405 7.803284 0.005187988 500.1117 -75 -74 74
-0.006488957 0.00433669 0.9999695 0.8317107 -0.5551544 0.007804705 0.5551713 0.831736 -4.498521e-06 -439.1025 -478.6924 -425.0282 500.0435 7.803314 0.002197266 500.1087 -77 -76 76
-0.007655194 -0.001522169 0.9999695 0.980772 0.1950006 0.007805062 -0.1950065 0.9808019 1.332955e-07 -453.826 -475.7607 -425.0304 500.0456 7.803528 0.0001068115 500.1067 -81 -80 80
-0.006489005 -0.004336694 0.9999695 0.8307485 0.5565932 0.007804744 -0.5566102 0.8307738 -9.034295e-06 -460.8947 -478.6932 -425.0259 500.0412 7.803284 0.00453186 500.1111 -83 -82 82
0.002930064 -0.007074045 0.9999707 -0.3454087 0.9384212 0.007650728 -0.9384478 -0.345421 0.0003061977 -466.4634 -505.9239 -424.5227 499.5376 14.4317 0.9140015 501.5741 51 52 -52
0.007073802 -0.002930268 0.9999707 0.9068714 -0.4213381 -0.007649886 0.4213481 0.9068989 -0.0003230858 -466.993 -508.2999 -424.3972 499.5225 14.41313 0.9223633 501.5751 53 54 -54
0.001522174 -0.007655194 0.9999695 -0.1983266 0.9801049 0.007805019 -0.9801348 -0.1983324 -2.633827e-05 -469.2262 -498.8235 -425.0173 500.0326 7.803558 0.01312256 500.1197 -89 -88 88
0.004336643 -0.006488957 0.9999695 -0.5551558 0.8317098 0.007804679 -0.8317351 -0.5551727 4.4466e-06 -466.3124 -505.8985 -425.0283 500.0435 7.803284 0.002197266 500.1088 -91 -90 90
0.006488955 -0.004336689 0.9999695 0.8316212 -0.5552884 -0.007804704 0.5553054 0.8316466 3.241003e-06 -467.3872 -506.9751 -424.968 500.0441 7.803284 0.001586914 500.1082 -93 -92 92
0.007655244 -0.001522172 0.9999695 0.9804778 -0.1964746 -0.007805103 0.1964805 0.9805077 -1.160533e-05 -461.4803 -512.7112 -424.9637 500.0395 7.803192 0.005767822 500.1119 -95 -94 94
0.004250493 0.001167578 0.9999903 0.8294674 -0.5585477 -0.002873525 0.5585389 0.8294716 -0.003342571 -464.0683 -495.1271 -419.9303 495.0373 29.76036 10.28067 516.4924 57 58 -58
-0.003012644 0.002594298 0.9999921 0.8865392 -0.4626373 0.003871077 0.4626437 0.8865439 -0.0009061858 -461.8504 -478.8297 -425.0267 500.0206 31.74362 11.06943 523.1661 63 64 -64
0.003079871 -0.003081875 0.9999905 -0.6575533 0.7533956 0.004347091 -0.7534018 -0.6575604 0.0002938637 -447.1467 -514.8028 -421.5857 496.5917 33.21072 4.342102 506.3852 59 60 -60
0.005414262 0.005414121 0.9999707 0.7352296 0.677775 -0.007650506 -0.6777965 0.7352495 -0.0003109707 -444.2132 -515.8101 -424.4082 499.5335 14.42712 0.9156952 501.5732 61 62 -62
-0.001522212 -0.007655196 0.9999695 0.1919869 0.9813664 0.007805035 -0.9813963 0.191993 -2.414978e-05 -469.2269 -491.1744 -425.0183 500.0335 7.802979 0.01210022 500.1186 -87 -86 86
0.007655199 0.001522262 0.9999695 0.9810011 0.1938449 -0.00780508 -0.1938509 0.9810309 -9.418931e-06 -453.8283 -515.7564 -424.9649 500.0407 7.803345 0.004684448 500.111 -97 -96 96
0.006489002 0.004336688 0.9999695 0.8321486 0.5544978 -0.007804736 -0.5545148 0.8321739 -1.063058e-05 -445.5933 -515.6418 -424.9643 500.0404 7.803284 0.005325317 500.1119 -99 -98 98
0.004336643 0.006488959 0.9999695 0.5543679 0.8322352 -0.007804673 -0.8322605 0.5543849 1.183641e-05 -438.0213 -512.3896 -424.9637 500.0398 7.803284 0.005935669 500.1125 -101 -100 100
1.349513e-07 0.007657177 0.9999707 0.04095399 0.9991317 -0.007650759 -0.999161 0.04095279 -0.0003134571 -431.1965 -505.6207 -424.4059 499.5312 14.42471 0.917099 501.5736 65 66 -66
-0.006008906 -0.0024877 0.9999789 0.9466448 0.3222133 0.006490008 -0.3222226 0.9466639 0.000418819 -466.411 -483.394 -422.6889 497.7006 25.55408 2.866745 504.0897 67 68 -68
0.001522219 0.007655197 0.9999695 0.1968604 0.9804004 -0.007805061 -0.9804303 0.1968662 -1.46206e-05 -432.2902 -506.48 -424.9622 500.0384 7.803589 0.007293701 500.1138 -103 -102 102
-0.001522169 0.0076552 0.9999695 -0.1942313 0.9809247 -0.007805065 -0.9809545 -0.1942373 -6.253365e-06 -429.2421 -498.8276 -424.9664 500.0425 7.803192 0.003143311 500.1097 -73 -72 72
-0.007655243 0.001522167 0.9999695 0.9811416 -0.1931326 0.007805096 0.1931386 0.9811714 -1.498382e-05 -446.173 -475.7685 -425.0229 500.0377 7.803101 0.007537842 500.1136 -79 -78 78
-0.004336642 -0.006488956 0.9999695 0.5552899 0.8316202 0.007804678 -0.8316455 0.5553069 -3.187684e-06 -466.3082 -484.1021 -425.0288 500.0441 7.803284 0.001586914 500.1082 -85 -84 84
0 0.9918959 -0.1270531 0 0.1270531 0.9918959 1 -0 0 -500 -619.9614 78.19734 223.5446 144.4381 0 266.1476 71 72 -72
0.9987094 -0.04334391 -0.02647133 0.0480022 0.9758242 0.21322 0.01658957 -0.2142155 0.9766455 -517.402 -409.7664 196.4554 895.9681 439.5492 220.3325 1438.644 77 78 -78
0 0.9796367 -0.2007782 0 0.2007782 0.9796367 1 -0 0 -500 -628.1996 81.80432 229.8171 138.1193 0 268.1284 73 74 -74
0 0.9849748 -0.1726981 0 0.1726981 0.9849748 1 -0 0 -500 -619.1492 114.3006 227.5685 118.197 0 256.4331 75 76 -76
0 0.9988527 -0.04788944 0 0.04788944 0.9988527 1 -0 0 -500 -605.9567 175.0459 210.7168 19.97705 0 211.6617 -67 -66 66
0 0.957092 -0.2897841 0 0.2897841 0.957092 1 -0 0 -500 -622.735 83.3975 220.3969 95.7092 0 240.2811 -55 -54 54
0 0.9988527 -0.04788944 0 0.04788944 0.9988527 1 -0 0 -500 -605.4751 185.0911 210.7168 19.97705 0 211.6617 -68 -67 67
0 0.957092 -0.2897841 0 0.2897841 0.957092 1 -0 0 -500 -605.9401 138.8675 220.3969 95.7092 0 240.2811 -56 -55 55
0.9940339 -0.1017208 -0.03936352 0.07904851 0.92053 -0.382591 0.07515276 0.3771968 0.9230789 -541.447 -303.9738 285.4492 884.7201 309.9553 225.4811 1388.407 79 80 -80
0.9998737 9.005931e-05 -0.0158903 -0.002447394 0.9889253 -0.1483939 0.01570095 0.148414 0.9888006 -500.724 -583.9924 148.3688 975.9507 179.9832 74.16944 1140.747 87 88 -88
0.9650654 -0.2620091 6.387501e-09 0.2620091 0.9650654 -4.615466e-07 1.147651e-07 4.470963e-07 1 -616.6514 -363.2651 225.0001 1085.791 445.2186 150.0001 1473.526 81 82 -82
0.9977975 0 -0.0663342 0.0663342 0 0.9977975 0 -1 0 -523.1658 -395 76.54008 1021.014 365.6735 0 1084.522 83 84 -84
0.9650654 -0.2620091 0 0.2620091 0.9650654 0 -0 0 1 -616.6677 -363.3254 75 1085.956 445.2812 0 1173.702 -8 -7 7
0.9650654 -0.2620091 0 0.2620091 0.9650654 0 -0 0 1 -616.6677 -363.3254 375 1085.956 445.2812 0 1173.702 -176 -175 175
0.9996865 0 -0.02503909 0.02503909 0 0.9996865 0 -1 0 -501.2516 -395 375.0313 1000.938 49.98434 0 1002.186 -177 -176 176
0.9965558 0 -0.08292479 0.08292479 0 0.9965558 0 -1 0 -524.7917 -395 77.06296 1021.433 298.9667 0 1064.287 85 86 -86
0.99995 0 -0.0100025 0.0100025 0 0.99995 0 -1 0 -500.2001 -395 175.002 1000.15 19.99901 0 1000.35 -69 -68 68
0.9873505 0 -0.1585532 0.1585532 0 0.9873505 0 -1 0 -546.9643 -395.0001 82.54175 1034.917 296.2051 0 1076.471 -9 -8 8
0.9996563 -0.02609791 -0.002483487 0.02605721 0.9995447 -0.01521045 0.002879317 0.01514051 0.9998813 -505.4814 -604.6805 186.6009 1002.503 225.7774 11.58857 1050.789 89 90 -90
0.9988321 0.03479894 -0.03351735 -0.03477255 0.9993943 0.001370177 0.03354473 -0.000203093 0.9994372 -501.5123 -599.2726 125.0296 966.2206 204.0278 49.99216 1087.511 95 96 -96
0.9999965 0.002622072 0 -0.002622072 0.9999965 0 0 -0 0.9999999 -500 -605 175 1000.547 209.9993 0 1022.347 91 92 -92
0.9985413 -0.05375709 -0.005036807 0.05389104 0.9980354 0.03195571 0.003309066 -0.03218053 0.9994766 -503.2615 -605.1972 186.6598 1001.745 201.9901 11.64929 1045.206 93 94 -94
0.9947312 -0.1025172 0 0.1025172 0.9947312 0 -0 0 1 -520.3954 -592.8981 175 1015.235 198.9462 0 1034.544 -49 -48 48
0.9941601 0.1079159 0 -0.1079159 0.9941601 0 0 -0 1 -500 -605.0001 175 1016.822 208.7736 0 1038.034 -64 -63 63
0.9941601 -0.1079159 0 0.1079159 0.9941601 0 -0 0 1 -522.53 -602.5544 195 1016.822 208.7736 0 1038.034 -61 -60 60
0.99995 0 -0.0100025 0.0100025 0 0.99995 0 -1 0 -500.2001 -605 175.002 1000.15 19.99901 0 1000.35 -71 -70 70
0.9987335 0 -0.05031307 0.05031307 0 0.9987335 0 -1 0 -505.025 -595 75.25314 1003.765 99.87335 0 1008.721 -59 -58 58
0.9983895 0.05096954 -0.02490888 -0.044647 0.9768308 0.2093038 0.03499988 -0.2078546 0.9775333 -494.7212 -549.4675 91.96626 954.5496 168.5037 48.87667 1067.062 97 98 -98
0.9947312 0.1025173 0 -0.1025173 0.9947312 0 0 -0 1 -500 -595 75.00002 1015.235 198.9462 0 1034.544 -52 -51 51
0.9987335 0 -0.05031307 0.05031307 0 0.9987335 0 -1 0 -505.025 -395 75.25314 1003.765 99.87335 0 1008.721 -57 -56 56
0.9999002 0.01164543 0.007996541 -0.01298076 0.9807431 0.1948706 -0.005573199 -0.194955 0.9807963 -497.7068 -433.6284 194.5136 954.9044 458.1646 218.5421 1496.215 101 102 -102
0.02462002 0.000335892 0.9996968 -0.01337816 0.9999105 -6.493428e-06 -0.9996073 -0.01337394 0.02462231 455.2706 -589.7864 -398.6315 583.2491 194.1674 35.65494 686.0298 165 166 -166
0.998785 -0.04133327 -0.02683455 0.04569821 0.98064 0.1904123 0.01844467 -0.1914072 0.9813374 -516.1752 -414.2361 210.9524 1008.402 446.1206 225.114 1552.906 103 104 -104
-0.5448877 0.8147517 -0.1981842 -0.1101682 0.1647421 0.9801648 0.8312402 0.5559133 -6.265938e-06 568.0264 -429.4499 89.8185 611.7463 451.7127 37.4196 835.285 143 144 -144
0.9909267 0.1343087 -0.005035766 -0.1072906 0.7679099 -0.6315086 -0.08095009 0.6263191 0.7753525 -470.6835 -202.0653 285.6537 925.0757 152.8796 239.793 1417.209 105 106 -106
0.9984964 -0.04847747 -0.02559298 0.05471084 0.9105061 0.4098602 0.003433581 -0.4106441 0.9117892 -518.0875 -354.3745 166.3468 1011.906 346.668 256.0155 1581.672 117 118 -118
0.9451361 0.3254359 -0.0284469 0.2193524 -0.5676872 0.7934833 0.242079 -0.7561896 -0.6079268 -464.0817 -96.73264 92.52039 791.1991 336.5244 166.8041 1193.402 107 108 -108
0.9994286 0.03377297 -0.001368628 -0.02728167 0.7821061 -0.6225478 -0.01995488 0.6222294 0.7825806 -491.297 -209.45 324.9467 953.2036 184.8208 210.9864 1392.929 111 112 -112
0.8918314 0.4523679 3.408438e-09 -0.4523679 0.8918314 -6.995764e-08 -3.468634e-08 6.084855e-08 1 -467.9572 -458.1717 400 921.0902 169.5574 25 986.5666 109 110 -110
0.9959859 -0.08951047 5.87051e-10 0.08951047 0.9959859 4.879226e-09 -1.021436e-09 -4.807093e-09 0.9999999 -502.781 35.45503 74.99998 859.7321 92.95722 0 864.7429 -5 -4 4
0.8918314 0.4523679 3.395978e-09 -0.4523679 0.8918314 -6.091421e-08 -3.058427e-08 5.278897e-08 1 -467.9572 -458.1717 375 921.0902 169.5575 0 936.5666 -3 -2 2
0.8918314 0.4523679 3.395978e-09 -0.4523679 0.8918314 -6.091421e-08 -3.058427e-08 5.278897e-08 1 -467.9572 -458.1717 425 921.0902 169.5574 0 936.5666 -171 -170 170
0.960384 0.2786802 0 -0.2786802 0.960384 0 0 -0 1 -476.5148 -475.9343 400 977.2288 185.915 25 1044.756 113 114 -114
0.9755034 -0.2199842 -1.666966e-09 1.599729e-08 6.336112e-08 1 -0.2199842 -0.9755034 6.532814e-08 -432.8724 67.01742 74.99999 932.4827 300 67.13042 1113.814 115 116 -116
0.960384 0.2786802 0 -0.2786802 0.960384 0 0 -0 1 -476.5148 -475.9343 425 977.2288 185.915 0 994.7565 -170 -169 169
0.960384 0.2786802 0 -0.2786802 0.960384 0 0 -0 1 -476.5148 -475.9343 375 977.2288 185.915 0 994.7565 -2 -1 1
0.9755034 -0.2199842 -2.947926e-09 0.2199842 0.9755034 8.310511e-07 -1.799424e-07 -8.113417e-07 1 -511.3866 15.90685 374.9999 997.83 134.2608 4.577637e-05 1006.822 -174 -173 173
0.9755034 -0.2199842 -3.684907e-10 0.2199842 0.9755034 1.038814e-07 -2.24928e-08 -1.014177e-07 1 -511.3866 15.90688 75 997.8301 134.2608 7.629395e-06 1006.822 -6 -5 5
0.9918814 -0.1271659 0.0002447814 0.1039255 0.8094963 -0.5778541 0.07328518 0.5731882 0.8161401 -535.1466 -207.8777 303.6588 1050.482 184.4546 218.0129 1502.579 119 120 -120
0.9995289 -0.000224781 -0.03068889 0.008243012 0.9651945 0.2614032 0.02956199 -0.261533 0.9647417 -440.896 -573.7571 205.3718 944.337 224.6326 144.7113 1260.109 127 128 -128
0.9328312 -0.3603137 0 0 0 1 -0.3603137 -0.9328312 0 -419.5327 48.53807 75 1017.582 300 82.42598 1225.735 121 122 -122
0.9981001 0.06103244 -0.008441826 -0.06104537 0.9981342 -0.001282823 0.008347782 0.00179572 0.9999636 -496.0796 -455.0652 404.2625 996.7985 192.483 29.18625 1073.585 123 124 -124
0.9328312 -0.3603137 0 0.3603137 0.9328312 0 -0 0 1 -525.2561 1.013519 375 1099.08 164.852 0 1111.374 -175 -174 174
0.9328312 -0.3603137 0 0.3603137 0.9328312 0 -0 0 1 -525.2561 1.013519 75 1099.08 164.852 0 1111.374 -7 -6 6
0.9955593 0.09413686 0 -0.09413686 0.9955593 0 0 -0 1 -491.1383 -488.7188 400 995.5593 194.1272 25 1064.309 125 126 -126
0.9996865 0 -0.02503909 0.02503909 0 0.9996865 0 -1 0 -500.6246 -395 400.0626 1000.938 49.98434 0 1002.186 -178 -177 177
0.9955593 0.09413686 0 -0.09413686 0.9955593 0 0 -0 1 -491.1383 -488.7188 375 995.5593 194.1272 0 1014.309 -1 0 0
0.9955593 0.09413686 0 -0.09413686 0.9955593 0 0 -0 1 -491.1383 -488.7188 425 995.5593 194.1272 0 1014.309 -169 -168 168
0.9994246 -0.01762504 -0.02898086 0.02276182 0.9819486 0.1877736 0.0251482 -0.1883252 0.9817848 -436.4572 -484.8758 231.7473 938.8769 136.468 147.2677 1243.278 129 130 -130
0.9988363 0.0346826 -0.03351357 -0.03117885 0.9945046 0.09994262 0.03679567 -0.09878141 0.9944286 -496.8331 -622.7971 140.6225 995.485 162.9498 68.11926 1144.972 139 140 -140
0.9978442 -0.03561466 -0.05512421 0.05653412 0.03987394 0.9976041 -0.03333131 -0.9985698 0.04180142 -427.956 -469.2118 130.5534 927.1765 248.9288 107.3579 1174.727 131 132 -132
0.999993 0.001747275 -0.003336781 -0.00185572 0.9994609 -0.03277829 0.003277709 0.03278425 0.9994571 -499.9573 -607.1286 186.7094 999.9263 201.778 11.63342 1043.349 135 136 -136
0.9873505 0 -0.1585532 0.1585532 0 0.9873505 0 -1 0 -521.8252 -395.0001 239.0893 1034.917 296.2051 0 1076.471 -10 -9 9
0.9985422 -0.0537491 -0.004951618 0.05356199 0.998042 -0.03230186 0.006678118 0.03198955 0.999466 -498.6071 -544.6707 196.4629 993.7245 203.5583 9.994659 1034.348 133 134 -134
0.99995 0 -0.0100025 0.0100025 0 0.99995 0 -1 0 -500.1 -395 185.004 1000.15 19.99901 0 1000.35 -70 -69 69
0.9941601 -0.1079159 0 0.1079159 0.9941601 0 -0 0 1 -510.8842 -495.2687 195 1016.822 208.7736 0 1038.034 -62 -61 61
0.99995 0 -0.0100025 0.0100025 0 0.99995 0 -1 0 -500.1 -605 185.004 1000.15 19.99901 0 1000.35 -72 -71 71
0.9999965 0.002626307 0 -0.002626307 0.9999965 0 0 -0 1 -499.9931 -607.6263 175 1000.548 212.6256 0 1022.891 137 138 -138
0.9941601 0.1079159 0 -0.1079159 0.9941601 0 0 -0 1 -488.3542 -712.2858 175 1016.822 208.7736 0 1038.034 -63 -62 62
0.9947312 -0.1025173 0 0.1025173 0.9947312 0 -0 0 1 -509.8857 -490.9209 175 1015.235 198.9462 0 1034.544 -50 -49 49
0.9987335 0 -0.05031307 0.05031307 0 0.9987335 0 -1 0 -502.4936 -595 125.5025 1003.765 99.87335 0 1008.721 -60 -59 59
0.9983661 0.05157001 -0.02461083 -0.04047408 0.9422345 0.3324997 0.04033618 -0.3309602 0.9427822 -461.7766 -597.618 95.02052 971.1469 183.0692 47.13911 1082.529 141 142 -142
0.9947312 0.1025172 0 -0.1025172 0.9947312 0 0 -0 1 -489.4902 -696.9771 75 1015.235 198.9462 0 1034.544 -51 -50 50
0.9987335 0 -0.05031307 0.05031307 0 0.9987335 0 -1 0 -502.4936 -395 125.5025 1003.765 99.87335 0 1008.721 -58 -57 57
0.152708 -0.4347511 0.8875087 -0.2834341 0.8410493 0.4607615 -0.9467551 -0.3219122 0.005211636 466.6962 -300.5491 -61.35757 451.7809 451.0135 26.05223 690.4767 145 146 -146
0.4145496 -0.369483 0.8316435 0.6279287 -0.5453182 -0.5552781 0.6586761 0.7524031 0.00594753 97.29361 150.8939 189.8652 473.8416 319.5203 25.39778 622.3015 155 156 -156
0.1705375 -0.4819602 0.8594366 -0.2697629 0.8160533 0.5111604 -0.947705 -0.3190162 0.00915274 459.3082 -280.1569 -79.83102 427.729 302.4434 25.55673 574.9685 147 148 -148
-0.3223622 0.9428743 -0.08408769 0.09297006 0.1199353 0.9884191 0.94204 0.3108113 -0.1263217 493.3169 -375.5081 390.7151 361.2926 34.63959 25.91441 414.7782 151 152 -152
0.2280231 -0.3406685 0.9121131 -0.5073518 0.7579871 0.4099385 -0.8310232 -0.5562377 -1.788139e-07 443.7667 -176.3591 2.064822 353.5967 177.9174 4.577637e-05 395.835 -13 -12 12
0.06167842 -0.3106643 0.9485164 -0.1847108 0.9303576 0.3167279 -0.9808556 -0.1947365 -5.215406e-08 496.188 -375.7994 16.37702 346.3598 280.1078 3.051758e-05 445.4499 149 150 -150
0.0798718 -0.4023013 0.9120165 -0.1776033 0.8945564 0.4101534 -0.9808555 -0.1947369 -2.160668e-07 493.6074 -362.8016 2.006208 353.6405 177.967 6.103516e-05 395.8964 -11 -10 10
0.07987164 -0.4023017 0.9120164 -0.1776015 0.8945566 0.4101538 -0.9808559 -0.1947351 3.129244e-07 471.7541 -252.7299 52.47411 353.6404 177.9669 0.0001068115 395.8964 -12 -11 11
-0.193941 0.9768493 -0.09029061 -0.01758318 0.08856198 0.9959155 0.9808556 0.1947365 3.129244e-07 500.8755 -399.41 375.4076 198.8532 67.4147 3.051758e-05 209.9699 153 154 -154
-0.5512598 0.8235863 -0.133485 -0.07424659 0.110931 0.9910508 0.8310235 0.5562373 -3.319234e-06 465.6791 -209.0968 375.8911 199.9892 49.55243 0.0001068115 206.0369 -181 -180 180
-0.1929953 0.9720851 -0.1334288 -0.02600087 0.1308709 0.9910584 0.9808551 0.1947389 1.757964e-05 501.288 -401.485 375.8903 200.0619 49.5528 0.0004425049 206.1082 -179 -178 178
-0.192994 0.9720852 -0.1334299 -0.02600231 0.1308718 0.9910582 0.9808553 0.1947378 1.899153e-05 500.6112 -398.0772 401.6942 200.062 49.55276 0.0004730225 206.1084 -180 -179 179
0.2626817 -0.1748511 0.9489075 0.7899133 -0.5257968 -0.3155544 0.5541076 0.832445 -1.490116e-08 116.6218 116.1753 104.8724 346.1193 279.4447 2.288818e-05 444.846 157 158 -158
0.7248714 -0.6887887 -0.01147262 -0.02376899 -0.04165122 0.9988495 -0.688474 -0.7237647 -0.04656359 220.2927 75.17487 98.32996 364.0495 327.9876 22.47551 534.9591 159 160 -160
0.3404582 -0.2266221 0.9125407 0.7596399 -0.5056459 -0.4089858 0.5541077 0.832445 -7.450581e-08 191.4 66.39999 75 353.403 177.6968 2.288818e-05 395.5627 -15 -14 14
0.3404579 -0.2266222 0.9125409 0.7596399 -0.5056462 -0.4089856 0.554108 0.8324448 -5.960464e-08 98.19551 128.4406 125.1808 353.403 177.6968 6.103516e-05 395.5628 -16 -15 15
0.829029 -0.5518339 0.0905004 -0.0753426 0.05013796 0.9958964 -0.5541069 -0.8324455 -1.076981e-05 192.7281 65.51645 357.4494 198.4529 67.41769 0.0003433228 209.5924 161 162 -162
0.2370009 -0.354082 0.9046859 -0.50322 0.7518152 0.4260792 -0.8310236 -0.5562372 -2.086163e-07 377.9791 -78.07191 54.27349 399.7513 197.7725 4.577637e-05 445.9991 163 164 -164
0.8249675 -0.5491308 0.1337311 -0.111325 0.07409948 0.9910176 -0.5541077 -0.832445 -2.346933e-06 191.4001 66.40005 375 199.665 49.55078 8.392334e-05 205.7218 -184 -183 183
0.8249677 -0.5491305 0.1337311 -0.1113263 0.07409757 0.9910176 -0.5541072 -0.8324454 -4.585832e-06 194.2992 64.47038 349.1928 199.6649 49.55087 0.0001220703 205.7218 -183 -182 182
0.228023 -0.3406685 0.9121132 -0.5073512 0.7579877 0.4099385 -0.8310237 -0.5562371 7.450581e-08 381.3718 -83.1407 52.47969 353.5968 177.9174 1.525879e-05 395.835 -14 -13 13
-0.5512593 0.8235866 -0.1334848 -0.07424199 0.1109338 0.9910508 0.8310242 0.5562362 -8.59797e-06 463.7457 -206.2085 401.6955 199.989 49.55252 0.000213623 206.037 -182 -181 181
-1.881776e-07 7.81597e-14 1 0.9238795 -0.3826834 1.738534e-07 0.3826834 0.9238795 7.201236e-08 449.9998 -494.9999 -425 500 0.0003662109 20.00052 540.001 167 168 -168
0.03642947 0.001663507 0.9993348 -0.01307572 0.9999138 -0.001187812 -0.9992507 -0.01302375 0.03644808 449.6852 -589.5616 -396.5197 579.7499 193.3269 35.62497 682.3843 197 198 -198
0.001920945 -0.004635347 0.9999874 -0.443643 0.8961896 0.005006426 -0.8962015 -0.4436471 -0.0003349081 447.3787 -510.6871 -425.1681 498.2132 32.85199 10.64694 520.589 169 170 -170
-0.001920933 0.004635338 0.9999874 -0.4431883 0.8964146 -0.005006582 -0.8964265 -0.4431923 0.0003323752 467.1899 -508.7533 -424.9944 498.2115 32.86896 10.6422 520.5789 183 184 -184
-0.002709279 -0.006541769 0.999975 0.3258708 0.9453879 0.007067561 -0.9454105 0.3258818 -0.0004295479 430.93 -499.3527 -425.1702 498.897 25.29517 3.352875 506.2436 171 172 -172
0.006541767 -0.002709277 0.999975 0.9454174 -0.3257852 -0.007067519 0.3257962 0.94544 0.0004301867 430.4294 -505.8246 -425.0015 498.9059 25.30328 3.353546 506.2543 177 178 -178
-0.005414312 -0.005414499 0.9999707 0.6780949 0.7349344 0.007650945 -0.7349543 0.6781164 -0.00030762 431.8886 -486.5078 -425.1107 499.5365 14.43085 0.9140015 501.5729 173 174 -174
3.224319e-07 -0.007656895 0.9999707 -0.04095025 0.9991319 0.007650485 -0.9991611 -0.04094906 -0.0003132297 431.1964 -501.7957 -425.1106 499.5313 14.42477 0.9170685 501.5737 175 176 -176
-0.006489051 -0.004336784 0.9999695 0.8317114 0.5551534 0.007804835 -0.5551704 0.8317367 4.533678e-06 435.8572 -480.8559 -425.0606 500.0432 7.803055 0.002227783 500.1085 -116 -115 115
-0.004336597 -0.006489048 0.9999695 0.556737 0.8306522 0.007804724 -0.8306776 0.5567539 1.048925e-05 431.5183 -487.3423 -425.0609 500.0405 7.802734 0.005218506 500.1118 -118 -117 117
-0.001522356 -0.007655106 0.9999695 0.1942228 0.9809264 0.007805009 -0.9809563 0.1942288 -6.523333e-06 430.0033 -494.9998 -425.0609 500.0425 7.803192 0.003204346 500.1098 -120 -119 119
0.001522172 -0.007654915 0.9999695 -0.19686 0.9804005 0.007804776 -0.9804304 -0.1968658 -1.460791e-05 431.529 -502.6519 -425.0609 500.0384 7.803589 0.007293701 500.1139 -122 -121 121
0.005414497 -0.005414121 0.9999707 0.7352277 -0.677777 -0.007650679 0.6777986 0.7352476 0.0003107898 430.9014 -503.3272 -425.0003 499.5336 14.42706 0.9156799 501.5732 179 180 -180
0.007656895 1.320751e-07 0.9999707 0.9991683 0.04005165 -0.007650756 -0.04005048 0.9991976 0.0003065393 442.3826 -514.3909 -425.0003 499.5374 14.43243 0.9136353 501.5732 181 182 -182
0.004336784 -0.006489053 0.9999695 -0.5543656 0.8322367 0.00780483 -0.832262 -0.5543826 1.192302e-05 435.8528 -509.1449 -425.0609 500.0397 7.803223 0.00592041 500.1125 -124 -123 123
0.006489049 -0.004336781 0.9999695 0.8321498 -0.554496 -0.007804826 0.554513 0.8321751 1.069997e-05 435.855 -509.1464 -425 500.0403 7.803345 0.005325317 500.1119 -126 -125 125
0.007655105 -0.001522356 0.9999695 0.981002 -0.1938403 -0.007805006 0.1938463 0.9810319 9.565731e-06 442.3451 -513.4826 -425 500.041 7.803589 0.004699707 500.1113 -128 -127 127
0.007654916 0.001522172 0.9999695 0.9804784 0.1964718 -0.007804782 -0.1964777 0.9805083 1.151906e-05 450.0015 -515.0055 -424.9996 500.0395 7.803162 0.005767822 500.1119 -130 -129 129
0.002709282 0.006541766 0.999975 0.3263083 0.945237 -0.007067757 -0.9452596 0.3263193 0.0004262805 460.8204 -514.5712 -425.0015 498.9118 25.31531 3.34967 506.253 185 186 -186
-0.006541764 0.002709281 0.999975 0.9452533 -0.326261 0.007067734 0.326272 0.9452758 -0.000426634 445.6426 -475.9203 -425.1804 498.9113 25.31421 3.350067 506.2533 191 192 -192
0.005414123 0.005414505 0.9999707 0.6769243 0.7360129 -0.007650321 -0.7360327 0.6769459 0.0003196539 458.3312 -514.1009 -425.0003 499.5256 14.41748 0.9200439 501.5737 187 188 -188
-1.292036e-07 0.007656884 0.9999707 -0.0392874 0.9991987 -0.007650977 -0.9992279 -0.03928624 0.0003006899 469.3881 -502.6182 -425.0003 499.5427 14.43909 0.9107666 501.5729 189 190 -190
0.006489049 0.004336783 0.9999695 0.8316218 0.5552875 -0.007804834 -0.5553044 0.8316472 -3.275694e-06 457.653 -513.4767 -425 500.0441 7.803001 0.001617432 500.1082 -132 -131 131
0.004336784 0.00648905 0.9999695 0.5551535 0.8317113 -0.007804835 -0.8317366 0.5551704 4.533213e-06 464.1439 -509.1432 -425 500.0435 7.803314 0.002197266 500.1087 -134 -133 133
0.001522361 0.0076551 0.9999695 0.1983181 0.9801066 -0.007804964 -0.9801365 0.198324 -2.606853e-05 468.4653 -502.6507 -424.9994 500.032 7.802887 0.01309204 500.119 -136 -135 135
-0.001522165 0.007654914 0.9999695 -0.1919866 0.9813665 -0.00780475 -0.9813963 -0.1919927 -2.416025e-05 469.9881 -495.0023 -425 500.0336 7.803589 0.01208496 500.1187 -106 -105 105
-0.005414505 0.00541413 0.9999707 0.734838 -0.6781995 0.007650869 0.678221 0.7348579 -0.0003063935 458.4923 -476.8869 -425.1107 499.5376 14.43201 0.9134979 501.573 193 194 -194
-0.007656887 -1.32075e-07 0.9999707 0.9991627 0.04019128 0.007650706 -0.0401901 0.9991919 -0.0003076082 443.198 -476.1885 -425.1107 499.5364 14.43124 0.9141846 501.5732 195 196 -196
-0.004336783 0.00648905 0.9999695 -0.5552876 0.8316218 -0.007804834 -0.8316471 -0.5553045 -3.274065e-06 468.4767 -487.3468 -425 500.0441 7.803223 0.001586914 500.1082 -108 -107 107
-0.006489052 0.004336788 0.9999695 0.8307498 -0.5565914 0.007804835 0.5566083 0.8307751 8.964911e-06 457.6569 -476.5185 -425.0607 500.041 7.803101 0.004524231 500.1109 -110 -109 109
-0.007655099 0.001522356 0.9999695 0.9807737 -0.1949921 0.007805006 0.194998 0.9808036 -4.029134e-07 450.0004 -475.0002 -425.0609 500.0455 7.803589 0.0001373291 500.1067 -112 -111 111
-0.007655101 -0.001522167 0.9999695 0.9811418 0.1931315 0.007804957 -0.1931375 0.9811717 1.502002e-05 442.3449 -476.5144 -425.0604 500.0377 7.803131 0.007537842 500.1136 -114 -113 113
4.704425e-08 -9.408868e-08 1 0.5257311 0.8506508 5.530399e-08 -0.8506508 0.5257311 8.948358e-08 448.3157 -497.7251 -425 500 6.40715 19.74231 539.5256 199 200 -200
0 0.9939156 0.1101442 0 -0.1101442 0.9939156 1 0 -0 500 -592.5737 53.10519 212.0005 142.4002 0 255.386 229 230 -230
0.00198324 0.000144535 0.999998 0.9737633 -0.2275555 -0.00189832 0.2275547 0.9737651 -0.0005920399 435.8347 -496.1389 -421.412 496.4771 28.84375 15.69646 528.7072 201 202 -202
-0.001978539 -0.0001477748 0.999998 0.3059864 0.9520356 0.0007460945 -0.9520339 0.3059873 -0.001838423 446.7477 -500.4265 -424.9677 499.8985 19.45184 17.60477 535.4863 215 216 -216
0.001243551 -0.006256333 0.9999797 -0.1310817 0.9913511 0.006365358 -0.9913708 -0.1310869 0.0004127049 436.861 -511.0088 -422.5128 497.525 29.12421 4.90863 508.194 203 204 -204
0.00271015 0.006541447 0.999975 0.4378921 0.8989998 -0.007067689 -0.8990235 0.4379003 -0.0004280237 459.0565 -514.8302 -423.7164 498.9092 25.30913 3.351685 506.2541 209 210 -210
-0.002930306 -0.007073851 0.9999707 0.418897 0.9080015 0.007650788 -0.908029 0.4189072 0.0003024931 430.6378 -491.0794 -424.526 499.5357 14.43068 0.9121399 501.5684 205 206 -206
0.005414082 -0.005414318 0.9999707 -0.6778796 0.7351331 0.007650564 -0.7351529 -0.6779011 0.0003098149 438.9687 -511.3937 -424.5196 499.5345 14.42834 0.9151459 501.5732 207 208 -208
-0.004336646 -0.006488958 0.9999695 0.5558079 0.8312741 0.007804682 -0.8312994 0.5558249 1.673354e-06 433.6898 -484.1008 -425.0296 500.0448 7.803299 0.0008544922 500.1074 -117 -116 116
-0.001522216 -0.007655197 0.9999695 0.1949986 0.9807724 0.007805074 -0.9808023 0.1950046 -1.947628e-07 430.7612 -491.172 -425.0304 500.0455 7.803558 9.155273e-05 500.1066 -119 -118 118
0.004336647 -0.006488958 0.9999695 -0.5565937 0.8307482 0.007804678 -0.8307735 -0.5566106 -9.051524e-06 433.6932 -505.8947 -425.0259 500.0412 7.803284 0.00453186 500.1111 -123 -122 122
0.006488957 -0.004336691 0.9999695 0.8311838 -0.555943 -0.007804707 0.5559599 0.8312091 -2.9027e-06 432.6146 -506.9726 -424.9681 500.0442 7.803162 0.001457214 500.108 -125 -124 124
0.005414268 0.005414123 0.9999707 0.73577 0.6771883 -0.007650261 -0.6772099 0.7357898 -0.0003170702 455.7855 -515.7997 -424.4028 499.5281 14.42041 0.9187012 501.5736 211 212 -212
1.349512e-07 0.007657177 0.9999707 0.04088292 0.9991347 -0.007650781 -0.9991639 0.04088172 -0.0003129129 468.8042 -505.6213 -424.4064 499.528 14.4216 0.9168243 501.5698 213 214 -214
0.006489004 0.00433669 0.9999695 0.8317101 0.5551553 -0.007804744 -0.5551723 0.8317354 -4.463596e-06 454.4084 -515.6445 -424.9673 500.0434 7.803314 0.002258301 500.1088 -131 -130 130
0.004336644 0.006488959 0.9999695 0.5551559 0.8317097 -0.007804682 -0.8317351 0.5551728 4.445668e-06 461.9756 -512.3876 -424.9673 500.0435 7.803314 0.002197266 500.1088 -133 -132 132
0.00152222 0.007655197 0.9999695 0.1975472 0.9802623 -0.007805049 -0.9802921 0.1975531 -2.008793e-05 467.707 -506.4794 -424.9595 500.0351 7.80304 0.01004028 500.1161 -135 -134 134
-0.001522171 0.0076552 0.9999695 -0.1957022 0.9806323 -0.007805066 -0.9806622 -0.1957081 5.449168e-06 470.7636 -498.8267 -424.9669 500.0431 7.803284 0.002670288 500.1093 -105 -104 104
-0.002705428 0.003479623 0.9999903 0.1985888 0.9800787 -0.002873065 -0.9800792 0.1985791 -0.003342547 455.5018 -507.9485 -419.9304 495.0551 29.77759 10.28079 516.5115 217 218 -218
-0.001243812 -0.003775726 0.9999921 0.08811133 0.9961031 0.003870637 -0.9961098 0.08811545 -0.0009062805 439.5962 -512.1367 -425.0528 500.0467 31.74451 11.06882 523.1909 223 224 -224
0.001668339 0.004023931 0.9999905 0.4443776 0.8958291 -0.004346168 -0.8958381 0.4443806 -0.0002935983 452.445 -514.5366 -421.4422 496.5925 33.21053 4.341736 506.3853 219 220 -220
-0.0070738 0.002930261 0.9999707 0.9076248 -0.4197125 0.007650448 0.4197226 0.9076523 0.0003093847 453.9179 -475.6327 -424.5198 499.5347 14.42822 0.9155579 501.5742 221 222 -222
0.007655194 0.001522265 0.9999695 0.9804787 0.1964704 -0.007805072 -0.1964762 0.9805086 1.14704e-05 446.1743 -515.7666 -424.9638 500.0399 7.803009 0.005767822 500.1124 -129 -128 128
-0.004336641 0.006488953 0.9999695 -0.5552899 0.8316202 -0.007804675 -0.8316455 -0.5553069 -3.18815e-06 470.645 -490.5913 -424.968 500.0441 7.803345 0.001586914 500.1081 -107 -106 106
-0.006488957 0.00433669 0.9999695 0.8317107 -0.5551544 0.007804705 0.5551713 0.831736 -4.498521e-06 460.8975 -478.6924 -425.0282 500.0435 7.803101 0.002235413 500.1088 -109 -108 108
-0.007655244 0.001522172 0.9999695 0.9804 -0.1968627 0.007805098 0.1968686 0.9804298 1.469452e-05 453.8293 -475.7539 -425.0232 500.0384 7.803589 0.007293701 500.1139 -111 -110 110
-0.007073951 -0.002930106 0.9999707 0.9389144 0.3440658 0.007650208 -0.3440781 0.9389409 0.0003172141 439.0752 -478.531 -424.5127 499.5276 14.41962 0.9194031 501.5745 225 226 -226
0.004597648 -0.004598993 0.9999789 -0.6601009 0.7511489 0.006489578 -0.7511629 -0.6601169 0.0004177184 445.5596 -514.6024 -422.6924 497.7042 25.55695 2.865082 504.0901 227 228 -228
-0.007655199 -0.001522166 0.9999695 0.9812917 0.1923686 0.007805038 -0.1923746 0.9813216 2.106919e-05 446.1718 -475.7505 -425.0199 500.0351 7.803589 0.01055908 500.1171 -113 -112 112
-0.006489004 -0.004336691 0.9999695 0.8311831 0.555944 0.007804746 -0.5559609 0.8312085 -2.937857e-06 439.1038 -478.6905 -425.029 500.044 7.80307 0.001495361 500.1078 -115 -114 114
0.001522169 -0.007655193 0.9999695 -0.1950006 0.9807721 0.007805061 -0.9808019 -0.1950065 1.335284e-07 430.7607 -498.826 -425.0303 500.0456 7.803589 9.155273e-05 500.1067 -121 -120 120
0.007655244 -0.001522169 0.9999695 0.9808485 -0.1946156 -0.00780511 0.1946215 0.9808784 3.187219e-06 438.5182 -512.7185 -424.968 500.0441 7.80365 0.001617432 500.1082 -127 -126 126
0 0.9872614 0.1591068 0 -0.1591068 0.9872614 0.9999999 0 -0 499.9999 -595 75.00001 216.5451 120.0624 0 247.6021 231 232 -232
0 0.9839655 0.178359 0 -0.178359 0.9839655 1 0 -0 500 -588.6376 39.90018 218.1962 135.8519 0 257.0317 233 234 -234
0 0.957092 0.2897841 0 -0.2897841 0.957092 1 0 -0 500 -595 75 220.3968 95.7092 0 240.2811 -53 -52 52
0 0.9988527 0.04788944 0 -0.04788944 0.9988527 1 0 -0 500 -605 175 210.7168 19.97705 0 211.6617 -65 -64 64
0 0.957092 0.2897841 0 -0.2897841 0.957092 1 0 -0 500 -578.205 19.53 220.3968 95.7092 0 240.2811 -54 -53 53
0 0.9988527 0.04788944 0 -0.04788944 0.9988527 1 0 -0 500 -604.5184 164.9548 210.7168 19.97705 0 211.6617 -66 -65 65
0.0398808 0.01164192 0.9991366 0.905381 -0.4234519 -0.03120447 0.4227231 0.9058438 -0.02742797 -468.3665 450.0899 -294.374 631.4897 283.7715 162.7224 1017.764 237 238 -238
0.9867499 -0.1595603 -0.02941157 0.1617083 0.9819502 0.09810244 0.01322745 -0.1015587 0.9947416 -502.9316 -372.4911 204.5316 621.6414 940.6459 221.6338 1570.766 313 314 -314
1.881776e-07 1.881776e-07 1 0.7358823 0.6771095 -2.658934e-07 -0.6771095 0.7358823 -1.105968e-08 -400.6118 504.4371 -425 500 1.662445 19.98254 539.9679 239 240 -240
0.0557313 0.0222698 0.9981974 0.9024244 -0.4289108 -0.04081508 0.4272287 0.9030724 -0.04400057 -475.2782 446.7465 -298.7129 628.8359 284.7831 162.7792 1015.874 269 270 -270
-0.005017687 -7.614069e-07 0.9999874 0.9977487 0.06687624 0.005006505 -0.06687541 0.9977612 -0.0003348044 -413.4909 513.4254 -425.1681 498.2138 32.85287 10.64636 520.5885 241 242 -242
0.005017687 7.575946e-07 0.9999874 0.9977639 0.06664954 -0.00500658 -0.06664871 0.9977764 0.0003336706 -419.2724 494.3806 -424.9855 498.1989 32.84634 10.64426 520.569 255 256 -256
-0.005006718 0.005006509 0.999975 0.7485923 -0.662993 0.007067448 0.6630118 0.7486089 -0.0004284151 -396.7238 524.2884 -425.1753 498.9036 25.30359 3.351463 506.2478 243 244 -244
