NUM_BV: 5 NUM_TRI: 3
0.9933514 0.1151216 0 -0.1151216 0.9933514 0 0 -0 1 0 0 0 7.068582 3.397798 0 24.01761 1 2 -2
0.9298539 0.3679291 0 -0.3679291 0.9298539 0 0 -0 1 0 0 0 6.120986 2.789562 0 17.07487 3 4 -4
0.9055895 -0.4241553 0 0.4241553 0.9055895 0 -0 0 1 3 2 0 4.046514 2.65949 0 10.76166 -3 -2 2
0.8816745 0.471858 0 -0.471858 0.8816745 0 0 -0 0.9999999 0 0 0 3.58874 2.645024 0 9.492301 -1 0 0
0.9839535 0.1784248 0 -0.1784248 0.9839535 0 0 -0 1 0.2710679 1.50515 0 5.098193 1.611058 0 8.213482 -2 -1 1
0 0 0 0 3 0 3 2 0
5 4 0 0 3 0 3 2 0
5 4 0 7 1 0 3 2 0
